#TIME             VMEM_MAX          VMEM              RMEM_MAX          RMEM              SHMEM             MEM_FREE          TMEM_MAX         
1648314359        0.109550          0.109550          0.003002          0.003002          0.000000          181.027000        0.003002         
1648314369        27.990200         27.990200         0.800808          0.800808          0.000000          180.247000        0.800808         
1648314379        28.546600         28.546600         1.010230          1.010230          0.000000          180.051000        1.010230         
1648314390        28.819700         28.819700         1.202700          1.202700          0.000000          179.857000        1.202700         
1648314400        30.787600         30.787600         1.295990          1.295990          0.000000          179.775000        1.295990         
1648314410        31.289200         31.289200         1.719010          1.719010          0.000000          179.284000        1.719010         
1648314420        34.654000         34.654000         5.099720          5.099720          0.000000          175.807000        5.099720         
1648314430        36.667900         36.667900         7.115150          7.115150          0.000000          173.793000        7.115150         
1648314440        37.590100         37.590100         7.748040          7.748040          0.000000          173.191000        7.748040         
1648314451        38.002900         38.002900         8.256440          8.256440          0.000000          172.616000        8.256440         
1648314461        38.002900         37.899800         8.256440          8.186790          0.000000          172.715000        8.256440         
1648314472        38.002900         37.864500         8.256440          8.151500          0.000000          172.750000        8.256440         
1648314482        38.002900         37.981800         8.268640          8.268640          0.000000          172.629000        8.268640         
1648314492        51.811900         51.811900         10.351900         10.351900         0.850100          170.078000        11.202000        
1648314505        53.011800         53.011800         11.223600         11.223600         0.850100          168.947000        12.073700        
1648314519        63.413000         63.413000         12.852800         12.852800         1.484800          167.221000        14.337600        
1648314537        65.353400         65.353400         13.771300         13.771300         1.484800          166.578000        15.256100        
1648314555        66.877800         66.877800         14.445900         14.445900         1.484800          165.966000        15.930700        
1648314573        71.408900         71.408900         15.287800         15.287800         1.484800          165.294000        16.772600        
1648314589        78.114600         78.114600         16.209600         16.209600         1.484800          164.607000        17.694400        
1648314601        82.479800         82.479800         16.689800         16.689800         1.484800          164.229000        18.174600        
1648314616        82.486800         82.486800         16.699800         16.699800         1.484800          164.191000        18.184600        
1648314631        82.522100         82.522100         16.745500         16.745500         1.484800          164.162000        18.230300        
1648314646        82.541800         82.541800         16.769100         16.769100         1.484800          164.132000        18.253900        
1648314661        82.584300         82.584300         16.827700         16.827700         1.484800          164.077000        18.312500        
1648314676        82.665200         82.665200         16.939300         16.939300         1.484800          163.956000        18.424100        
1648314691        82.772800         82.772800         17.073500         17.073500         1.484800          163.815000        18.558300        
1648314706        82.881700         82.881700         17.213300         17.213300         1.484800          163.687000        18.698100        
1648314721        82.896500         82.896500         17.252100         17.252100         1.484800          163.654000        18.736900        
1648314736        82.896500         82.896500         17.253800         17.253800         1.484800          163.650000        18.738600        
1648314750        82.896500         82.895500         17.269100         17.269100         1.484800          163.637000        18.753900        
1648314765        82.896500         82.895500         17.293200         17.293200         1.484800          163.615000        18.778000        
1648314780        82.896500         81.143600         17.293200         17.262500         1.484800          163.634000        18.778000        
1648314790        82.896500         79.342600         17.293200         17.180000         1.484800          163.714000        18.778000        
1648314801        82.896500         77.787900         17.293200         17.128300         1.484800          163.756000        18.778000        
1648314811        82.896500         77.143000         17.293200         17.123200         1.484800          163.756000        18.778000        
1648314821        82.896500         76.458800         17.293200         17.081400         1.484800          163.795000        18.778000        
1648314831        82.896500         75.553200         17.293200         17.022900         1.484800          163.850000        18.778000        
1648314842        82.896500         70.136700         17.293200         15.364600         1.270900          165.527000        18.778000        
1648314852        82.896500         69.680500         17.293200         15.337200         1.270900          165.552000        18.778000        
1648314862        82.896500         68.787000         17.293200         15.296300         1.270900          165.586000        18.778000        
1648314872        82.896500         68.173800         17.293200         15.327500         1.057400          165.768000        18.778000        
1648314883        82.896500         63.633800         17.293200         13.691300         1.057300          167.213000        18.778000        
1648314893        82.896500         58.472200         17.293200         12.076400         0.844000          168.843000        18.778000        
1648314903        82.896500         58.319800         17.293200         12.139200         0.631000          168.992000        18.778000        
1648314913        82.896500         44.899300         17.293200         7.226150          0.209600          173.754000        18.778000        
1648314924        82.896500         40.403500         17.293200         5.634850          0.000000          175.362000        18.778000        
1648314934        82.896500         40.403500         17.293200         5.634850          0.000000          175.363000        18.778000        
1648314944        82.896500         40.403500         17.293200         5.635010          0.000000          175.365000        18.778000        
1648314954        82.896500         40.403500         17.293200         5.635070          0.000000          175.366000        18.778000        
1648314964        82.896500         40.403500         17.293200         5.635150          0.000000          175.367000        18.778000        
1648314974        82.896500         40.403500         17.293200         5.635280          0.000000          175.366000        18.778000        
1648314985        82.896500         0.109673          17.293200         0.003143          0.000000          180.689000        18.778000        
1648314995        82.896500         0.109673          17.293200         0.003143          0.000000          180.690000        18.778000        
1648315005        82.896500         0.109673          17.293200         0.003143          0.000000          180.690000        18.778000        
1648315015        82.896500         0.109673          17.293200         0.003143          0.000000          180.690000        18.778000        
1648315025        82.896500         0.109673          17.293200         0.003143          0.000000          180.689000        18.778000        
1648315035        82.896500         0.109673          17.293200         0.003143          0.000000          180.691000        18.778000        
1648315045        82.896500         0.109673          17.293200         0.003143          0.000000          180.692000        18.778000        
1648315056        82.896500         0.109673          17.293200         0.003143          0.000000          180.693000        18.778000        
1648315066        82.896500         0.109673          17.293200         0.003143          0.000000          180.692000        18.778000        
1648315076        82.896500         0.109673          17.293200         0.003143          0.000000          180.692000        18.778000        
1648315086        82.896500         0.109673          17.293200         0.003143          0.000000          180.694000        18.778000        
1648315096        82.896500         0.109673          17.293200         0.003143          0.000000          180.695000        18.778000        
1648315106        82.896500         0.109673          17.293200         0.003143          0.000000          180.695000        18.778000        
1648315116        82.896500         0.109673          17.293200         0.003147          0.000000          180.693000        18.778000        
1648315127        82.896500         0.109673          17.293200         0.003147          0.000000          180.694000        18.778000        
