1648314323        153        153      13703      12054
1648314333        132        134      11645       8907
1648314343        129        130      11823       8681
1648314353        172        172      14485      10496
1648314363        123        125      12497       8352
1648314373      15317      16455    1155586    3289997
1648314384      29182      29976    1984222    5235402
1648314394      25981      26908    1822580    3565183
1648314404      21963      23140    1439714    4100634
1648314416      47640      48567    1044358   39830974
1648314426       7045       7140     160341    5953732
1648314436        185        185      21859      12033
1648314447        622        668      42068     111797
1648314457        178        177      22726      11943
1648314467        188        187      23427      12219
1648314477        266        265      25815      15827
1648314488      15548      15565    1509054    1152105
1648314501      55309      55308    5368853    3951191
1648314516      62024      62022    6014797    4427827
1648314534      73149      73151    7088755    5218141
1648314551      67531      67538    6536320    4835214
1648314568      67054      67055    6496756    4782179
1648314583      60435      60432    5843429    4300143
1648314597      51275      51277    4960915    3649542
1648314612        647        647      88124      43259
1648314627        739        739      93530      47480
1648314642        658        659      89912      43739
1648314657        751        751      94671      47619
1648314672        736        736      93819      47343
1648314687        647        647      89167      43559
1648314702        756        758      93156      47707
1648314717        643        642      88959      43352
1648314732        739        739      92841      47504
1648314743        650        652      88081      43630
1648314753        726        727      92540      47173
1648314763        643        641      88953      43470
1648314774        725        725      92490      47129
1648314784        639        640      88853      43455
1648314794        620        620      86965      43007
1648314804        751        751      92257      47656
1648314815        624        625      86931      43101
1648314825        730        731      91945      47355
1648314835       1104       1174     102756     254041
1648314845        607        607      80191      41582
1648314855        628        627      77387      40191
1648314866        530        529      72441      36282
1648314876        608        610      72979      39891
1648314886        496        499      68879      33520
1648314896        571        571      65288      36757
1648314906        399        399      52413      26257
1648314917        327        327      42274      22185
1648314927        358        357      40618      22031
1648314937        300        298      37921      18953
1648314947        381        379      41786      22359
1648314957        294        289      37164      18600
1648314968        271        273      37201      18235
1648314978        386        381      42294      22557
1648314988        464        465      36033      30721
1648314998        235        233      19314      13142
