1648314304        156        156      13779      12157
1648314314        118        118      11477       8655
1648314325        195        196      14590      11218
1648314335        124        127      11933       8246
1648314345        192        193      15496      11101
1648314355        117        116      12785       8026
1648314365        212        214      16499      12165
1648314375      19968      21340    1389493    4795695
1648314386      31185      31794    2220795    4427438
1648314396      21821      22945    1464728    3381026
1648314406      24457      25519    1615177    4607146
1648314416      47965      48662     787927   44007747
1648314426       1723       1762      87719     799531
1648314436        185        184      22742      12038
1648314447        631        679      43565     112325
1648314457        169        169      21464      11822
1648314467        292        293      26667      16315
1648314478        172        171      22440      11859
1648314489      35548      35565    3460720    2600200
1648314504      60800      60803    5890748    4339130
1648314522      74171      74166    7189523    5291661
1648314540      73009      73004    7072169    5204760
1648314558      72584      72591    7024753    5172269
1648314573      59161      59171    5728594    4236977
1648314586      55773      55778    5411349    3978974
1648314601      21333      21323    2074368    1514074
1648314616        728        728      93546      47201
1648314631        654        653      90122      43469
1648314646        757        757      94038      47741
1648314661        647        647      89008      43596
1648314675        746        748      92840      47591
1648314690        640        640      88952      43489
1648314705        741        742      92692      47558
1648314720        731        733      93088      47399
1648314735        648        649      88149      43248
1648314750        757        757      93301      47766
1648314765        655        654      88434      43630
1648314776        729        728      92831      47190
1648314786        632        633      87047      43371
1648314796        722        723      91657      47121
1648314806        640        641      87069      43482
1648314817        717        718      91536      47039
1648314827        641        642      88018      43501
1648314837        649        649      88522      43403
1648314847        746        746      92372      47562
1648314858        629        630      87116      43202
1648314868       1131       1210     103920     179922
1648314878        586        587      79412      40023
1648314888        542        545      72706      36962
1648314899        559        558      64496      36557
1648314909        409        409      55907      27066
1648314919        410        410      48266      25829
1648314929        344        344      44933      22357
1648314939        332        329      41180      21805
1648314949        391        390      44039      22877
1648314960        271        270      37150      18179
1648314970        394        391      42359      22638
1648314980        268        268      35990      18143
1648314990        457        452      35412      30694
