1648314328        157        157      13737      12134
1648314338        196        199      14764      11872
1648314348        113        114      11383       8197
1648314358        126        126      12074       8320
1648314369       4506       4841     458682     878616
1648314379      25561      26700    1603762    5698949
1648314389      31480      31938    2290035    3813780
1648314399      20155      21291    1286810    3626943
1648314409      29093      30165    1428033   12472637
1648314419      36680      36994     501097   35380329
1648314430        305        311      25049      90292
1648314440        636        674      42218     112255
1648314450        177        176      22385      12085
1648314461        187        187      22762      12069
1648314471        274        273      27513      15907
1648314481      10128      10174    1010706     799391
1648314493     115471     115453   11286651    8343361
1648314505      50285      50280    4873978    3589144
1648314520      62202      62203    6031448    4438038
1648314536      63063      63059    6114026    4497897
1648314551      58449      58448    5666277    4167545
1648314564      54613      54622    5283049    3888027
1648314579      35806      35795    3477279    2549031
1648314594        759        761      92550      47855
1648314609        647        647      88970      43687
1648314624        726        729      93407      47355
1648314639        751        752      94098      47509
1648314654        644        647      90283      43558
1648314669        743        740      93830      47361
1648314684        633        633      88942      43181
1648314699        751        751      93056      47646
1648314710        653        654      89755      44115
1648314720        717        718      92492      47066
1648314731        651        650      88124      43542
1648314741        740        740      92666      47388
1648314751        647        646      89006      43579
1648314761        636        634      88229      43217
1648314772        733        735      93133      47446
1648314782        627        628      87045      43131
1648314792        745        743      92192      47493
1648314802        642        644      87060      43436
1648314813        631        632      87462      43203
1648314823       1200       1253     104654     238576
1648314833        599        599      78605      40339
1648314843        583        584      67619      37120
1648314854        421        421      56026      29192
1648314864        485        485      57600      30085
1648314874        382        381      49717      25849
1648314884        326        325      42415      22139
1648314894        391        393      40523      22876
1648314904        273        273      36083      18379
1648314915        363        362      40700      22100
1648314925        276        275      37043      18414
1648314935        290        291      36603      18426
1648314945        377        376      41284      22468
1648314955        273        270      37280      18186
1648314965        386        383      42341      22554
1648314976        268        266      36083      18129
1648314986        467        463      35664      30846
1648314996        239        238      18743      13109
1648315006        126        126      14046       8226
1648315016        216        214      18648      11932
