1648314297        155        155      13841      12136
1648314307        123        127      11682       8969
1648314317        196        196      14893      11475
1648314328        121        121      11729       8012
1648314338        197        200      15728      11334
1648314348        121        122      12805       8138
1648314358        122        122      12217       8145
1648314368       3831       4043     430976     715487
1648314378      25259      26504    1567558    5676674
1648314389      31800      32252    2312182    3865812
1648314399      19839      20961    1269281    3597896
1648314409      29895      30927    1482773   12629864
1648314419      36966      37321     514308   35425619
1648314429        293        300      25218      89155
1648314439        637        671      43071     111830
1648314450        180        180      22029      12360
1648314460        279        278      26510      16111
1648314470        177        176      22449      11949
1648314480        190        190      23222      12251
1648314491      13484      13500    1303701    1018951
1648314502      44476      44482    4317266    3181599
1648314518      65665      65658    6367183    4686058
1648314536      68376      68388    6630209    4901147
1648314552      66900      66913    6484248    4771246
1648314569      66451      66438    6432873    4735419
1648314585      63732      63734    6168349    4539036
1648314599      62450      62449    6033755    4442017
1648314614        745        744      93380      47537
1648314629        658        659      89705      43727
1648314644        734        736      93119      47301
1648314659        640        641      88399      43480
1648314674        746        748      93160      47469
1648314689        731        731      92480      47230
1648314703        649        652      88935      43657
1648314718        744        744      93771      47483
1648314733        663        663      90020      43868
1648314744        736        735      92446      47261
1648314754        647        647      88769      43607
1648314765        730        730      91260      47187
1648314775        643        644      87641      43552
1648314785        623        624      86799      43061
1648314795        738        738      91895      47459
1648314806        632        632      87830      43206
1648314816        728        728      92627      47179
1648314826        651        652      88101      43604
1648314836        722        723      91457      47087
1648314847        675        679      88869      55715
1648314857       1031       1090     101801     146750
1648314867        640        640      78242      40452
1648314877        520        521      72965      36027
1648314888        632        636      76878      40854
1648314898        468        468      62464      32420
1648314908        447        446      61240      29924
1648314918        490        485      54845      30246
1648314928        296        295      36604      18703
1648314939        360        360      41208      21918
1648314949        300        299      38046      18811
1648314959        280        276      36404      18310
1648314969        376        375      39963      22416
1648314979        260        260      34738      18041
1648314989        569        575      39795      35045
