1648314300        163        165      13532      12211
1648314310        131        133      12354       9375
1648314320        181        182      14451      11027
1648314330        125        127      12050       8379
1648314340        122        123      12403       8120
1648314351        207        206      16331      11492
1648314361        125        127      12300       8209
1648314371      10255      10961     825217    1972854
1648314381      26660      27787    1728842    5652642
1648314391      30194      30735    2194597    3666459
1648314401      18986      20373    1196139    3705104
1648314412      31295      32329    1197297   18643131
1648314422      29563      29827     417713   28326915
1648314432        257        264      24874      54078
1648314442        522        576      39060     108057
1648314453        286        284      26064      16229
1648314463        187        186      22133      12041
1648314473        287        284      27054      16230
1648314483      62160      62194    6113101    4587127
1648314497      52386      52377    5087698    3740325
1648314511      56755      56754    5511029    4055396
1648314528      68378      68375    6627982    4876732
1648314545      68490      68489    6621839    4875218
1648314560      60976      60980    5904524    4343968
1648314573      50945      50941    4926085    3622176
1648314588      30616      30613    2974526    2179213
1648314603        735        734      93780      47307
1648314618        648        649      90109      43585
1648314633        734        734      93566      47236
1648314648        744        746      93298      47516
1648314662        660        661      88632      43741
1648314677        753        753      93319      47625
1648314692        629        629      88116      43187
1648314706        737        737      93076      47405
1648314717        640        640      89250      43237
1648314727        744        744      93077      47521
1648314738        633        635      88040      43254
1648314748        745        743      93055      47439
1648314759        637        639      87002      43302
1648314769        657        658      87834      43705
1648314779        718        719      90970      46989
1648314789        633        634      87468      43387
1648314800        722        721      91984      47030
1648314810        648        648      88600      43592
1648314820        838        847      94246     138348
1648314830        988       1066     100599     140333
1648314841        574        576      80104      39637
1648314851        694        693      85224      43919
1648314861        575        575      81062      39594
1648314871        701        703      83930      44302
1648314881        519        516      65594      35921
1648314892        444        447      59586      30411
1648314902        413        411      47195      25759
1648314912        299        299      39642      19086
1648314922        365        363      40914      22066
1648314932        284        282      37409      18510
1648314942        292        288      37913      18437
1648314953        387        386      40631      22496
1648314963        274        275      35523      18226
1648314973        379        378      39328      22458
1648314983        456        461      35226      30674
