1648314364        155        155      13912      12279
1648314374      16149      17135    1173041    3693980
1648314384      29385      30101    2021353    4891387
1648314394      24950      25765    1724722    3445405
1648314404      22797      23874    1488546    4234426
1648314414      36031      36711     884158   28626057
1648314425      17834      18006     270506   16834599
1648314435        184        184      21040      12015
1648314445        651        685      44239     113214
1648314455        167        167      20112      11564
1648314466        279        278      26859      16133
1648314476        171        171      21761      11847
1648314486        859        868      87882      97489
1648314502      71433      71431    6946255    5113336
1648314520      73397      73401    7121413    5240096
1648314538      72870      72874    7049486    5190078
1648314556      71842      71830    6956082    5121324
1648314575      72596      72593    7016492    5169416
1648314589      65973      65991    6381317    4719167
1648314604      23403      23394    2277769    1665169
1648314619        744        745      92059      47429
1648314634        652        655      88507      43676
1648314648        735        736      93111      47448
1648314663        626        628      88145      43288
1648314678        737        740      93097      47510
1648314693        731        732      93510      47402
1648314708        656        657      89872      43507
1648314722        750        750      94687      47662
1648314737        653        654      89832      43678
1648314752        728        730      93288      47205
1648314767        740        740      93109      47672
1648314780        641        641      88946      43313
1648314791        723        722      92594      47086
1648314801        644        644      89080      43542
1648314811        660        660      89693      43525
1648314822        746        744      93408      47524
1648314832        631        631      88218      43178
1648314842        748        748      93346      47614
1648314852        629        629      87064      43148
1648314863        633        634      87706      43368
1648314873       1217       1289     104764     261055
1648314883        595        594      81686      40419
1648314893        626        627      77422      40374
1648314904        542        541      73753      36379
1648314914        548        549      69516      36827
1648314924        537        536      60671      33608
1648314934        381        379      45255      25505
1648314944        390        386      42916      22856
1648314955        268        267      36004      18142
1648314965        273        273      35596      18375
1648314975        353        353      40065      21970
1648314985        450        447      36237      30602
1648314995        233        231      20497      13569
1648315005        132        131      14976       8242
1648315016        143        141      15408       8275
1648315026        222        220      19983      12007
1648315036        142        140      16452       8374
1648315046        216        214      18770      11932
1648315056        126        125      14068       8200
1648315066        111        111      13224       7843
1648315076        214        213      18171      12060
1648315087        115        114      14182       7887
1648315097        227        227      19402      12394
1648315107        118        118      13962       7754
1648315117        242        241      19286      12442
1648315127        128        128      15138       8069
1648315137        138        136      15824       8323
1648315148        224        222      19412      12098
1648315158        128        126      15561       8219
1648315168        212        210      19065      11868
