1648314350        167        167      14263      12650
1648314360        183        183      14580      11501
1648314370       7264       7854     627972    1420987
1648314380      26571      27715    1691226    5815328
1648314390      30451      30952    2208646    3696070
1648314400      19941      21174    1299370    3485462
1648314411      29334      30390    1261937   15222566
1648314421      33452      33747     462124   32269207
1648314431        335        342      27358      64568
1648314441        525        575      37909     108219
1648314452        269        269      26577      15856
1648314462        181        181      21923      12153
1648314472        175        175      22249      11898
1648314483        299        298      27468      16395
1648314495      24043      24058    2344239    1761084
1648314508      53722      53724    5213083    3838428
1648314526      72960      72958    7082876    5211752
1648314544      72082      72093    6982378    5138236
1648314562      71807      71799    6939960    5111423
1648314579      67157      67161    6499775    4806012
1648314591      61205      61215    5922427    4361163
1648314606      29345      29334    2841634    2082127
1648314621        640        640      88632      43361
1648314636        737        741      93984      47900
1648314651        733        734      92986      47431
1648314666        637        638      89196      43444
1648314680        742        744      93993      47383
1648314695        656        657      90529      43880
1648314710        767        769      94356      47849
1648314725        630        631      88706      43065
1648314740        733        734      92815      47450
1648314755        745        745      93476      47569
1648314769        639        640      88370      43352
1648314779        750        750      93469      47587
1648314789        638        636      89364      43247
1648314800        642        641      88959      43474
1648314810        754        755      92864      47456
1648314820        648        647      88913      43592
1648314830        718        719      91270      47046
1648314841        641        642      87871      43582
1648314851        619        619      86832      43000
1648314861       1114       1182      99471     164233
1648314871        572        567      78326      37818
1648314881        542        542      60625      33531
1648314892        370        373      45475      25728
1648314902        427        426      49516      26433
1648314912        356        351      41842      22291
1648314922        277        277      35673      18441
1648314932        360        358      40203      22050
1648314942        283        283      35666      18530
1648314953        357        359      40073      22054
1648314963        279        277      36524      18441
1648314973        269        268      36766      18151
1648314983        563        559      40553      34824
1648314993        142        140      16098       9786
1648315003        223        221      20056      12184
1648315014        160        159      16528       8447
1648315024        129        127      14611       8248
1648315034        207        206      18054      11809
1648315044        119        119      13355       8124
1648315054        203        202      17877      11769
1648315064        125        124      14336       8193
1648315074        116        116      14593       7912
1648315085        217        217      18399      11940
