1648314295        212        212      16540      14632
1648314305        118        122       9800       7936
1648314315        113        114       9353       7513
1648314325        176        175      13839      10523
1648314335        113        116      10420       7536
1648314345        166        166      12106       9824
1648314355        107        107       9118       7109
1648314366        374        376      38499      27570
1648314376      21119      22355    1450654    4918101
1648314386      31068      31617    2203972    4362596
1648314396      21702      22691    1436993    3393567
1648314406      24546      25556    1610786    4629754
1648314417      47222      47807     730544   43943288
1648314427       1485       1531      84205     539187
1648314437        166        166      17533      11106
1648314448        619        656      41958     111606
1648314458        189        189      19887      11644
1648314468        163        163      17408      10904
1648314478        264        264      21874      15103
1648314489      43361      43381    4212737    3144554
1648314501      47073      47066    4538804    3350928
1648314515      57713      57728    5595230    4142017
1648314531      63373      63372    6155220    4526099
1648314547      63012      63004    6100285    4492076
1648314563      63486      63494    6147725    4525587
1648314578      62793      62786    6072403    4468985
1648314592      51161      51160    4942605    3639179
1648314607        731        731      87729      46499
1648314622        741        741      95069      47338
1648314637        620        623      83243      42433
1648314652        714        715      87517      46325
1648314667        658        659      90334      43553
1648314681        718        720      87570      46408
1648314696        712        714      87536      46318
1648314711        663        663      89854      43790
1648314722        705        707      87347      46048
1648314732        621        621      83247      42363
1648314743        613        615      83057      42159
1648314753        729        729      92529      47238
1648314763        632        631      84493      42441
1648314773        715        717      87564      46343
1648314784        610        611      83038      42072
1648314794        634        633      87092      43246
1648314804        727        727      88745      46465
1648314814        618        619      83242      42331
1648314825        729        729      92006      47037
1648314835       1084       1152     100971     172799
1648314845        512        512      68136      35077
1648314855        614        614      72633      39272
1648314866        543        544      71693      37531
1648314876        617        619      73070      39534
1648314886        418        421      45721      28576
1648314896        405        405      45245      25152
1648314906        342        341      43995      22238
1648314917        335        335      48252      22118
1648314927        415        414      42811      25184
1648314937        300        300      38170      20817
1648314947        481        483      52655      29704
1648314957        262        258      32456      17288
1648314968        272        272      30823      17518
1648314978        347        347      34784      21052
