1648314300        157        157      13939      12270
1648314310        130        134      11627       8937
1648314320        186        186      14576      11262
1648314330        121        123      11784       8023
1648314340        191        192      15326      10980
1648314350        128        128      12913       8202
1648314361        123        125      12365       8354
1648314371      10389      11023     841219    1965433
1648314381      27077      28093    1755049    5685428
1648314391      30260      30806    2209755    3590754
1648314401      19130      20367    1208773    3703021
1648314411      37846      38845    1268964   25124300
1648314422      23024      23241     348851   21793043
1648314432        240        239      30244      15618
1648314442        679        733      51162     116019
1648314453        235        235      29047      15567
1648314463        238        237      29654      15774
1648314473        323        322      34381      19554
1648314484        254        252      30987      16137
1648314496      59425      59449    5753325    4296667
1648314508      50479      50469    4886693    3599940
1648314525      67313      67322    6522850    4820349
1648314543      70153      70155    6795154    4999394
1648314560      69290      69289    6704037    4934005
1648314575      59622      59623    5776518    4247537
1648314589      62530      62528    6041086    4444146
1648314604      14432      14424    1412222    1022685
1648314619        805        806     101975      51160
1648314635        729        730     100747      48182
1648314649        777        776      97490      50485
1648314665        698        699      95811      46958
1648314680        794        793     100871      51195
1648314695        797        798     100309      52085
1648314710        704        705      96449      47167
1648314721        785        785     100884      50016
1648314732        703        701      96361      47092
1648314742        792        790     100093      50995
1648314752        705        705      96293      47215
1648314763        677        676      94309      46612
1648314773        786        786      99503      51103
1648314783        673        673      94181      46606
1648314794        783        783      99286      50879
1648314804        693        693      95480      47042
1648314814        698        698      95885      46948
1648314824        793        792      99873      51212
1648314835        689        691      94698      46835
1648314845        785        785      99708      51069
1648314855       1194       1267     112264     243996
1648314865        628        628      76868      44401
1648314875        602        601      77147      38011
1648314886        431        437      58786      29678
1648314896        509        508      59346      32922
1648314906        391        390      54929      26093
1648314916        390        392      50293      26227
1648314926        442        441      49198      27083
1648314937        340        342      45028      23314
1648314947        459        453      54710      28855
1648314957        337        336      43860      22134
1648314967        433        431      47840      26400
1648314977        316        316      42471      21871
1648314988        489        497      35724      31347
