1648314363        166        166      14287      12689
1648314373      13725      14755    1028760    2915184
1648314383      28555      29394    1926831    5282508
1648314393      26543      27376    1869087    3558247
1648314403      21175      22324    1394129    3890646
1648314415      54763      55824    1205360   45566936
1648314425       1535       1597      93240     560933
1648314435        182        182      21098      12171
1648314446        598        650      40872     111412
1648314456        185        184      22093      12197
1648314466        267        267      26626      15820
1648314477        181        181      21982      12142
1648314488      21615      21635    2102172    1604454
1648314500      52240      52236    5062308    3728453
1648314516      68653      68662    6654186    4897747
1648314534      72123      72114    6995011    5148153
1648314551      67057      67067    6490989    4801007
1648314567      63582      63574    6159022    4532393
1648314581      58746      58744    5679014    4179241
1648314596      48190      48192    4670350    3434875
1648314611        642        642      87084      43171
1648314625        749        751      92824      47607
1648314640        741        743      93345      47740
1648314655        626        627      87995      43148
1648314670        727        731      92979      47407
1648314685        640        640      89056      43340
1648314700        737        739      94231      47669
1648314715        657        656      89160      43347
1648314730        760        761      94271      47794
1648314745        738        738      93435      47533
1648314755        633        634      88445      43225
1648314766        741        741      93450      47515
1648314777        637        637      88413      43272
1648314787        639        640      87992      43465
1648314797        728        728      92620      47157
1648314807        663        662      89277      43731
1648314818        731        729      92541      47230
1648314828        663        663      89181      43759
1648314838        630        630      87076      43203
1648314848        728        728      92009      47337
1648314859       1009       1087     101330     156246
1648314869        678        678      84461      43826
1648314879        566        566      72588      40574
1648314889        514        516      71993      33976
1648314899        568        566      68660      36458
1648314910        495        493      56114      33105
1648314920        423        422      48426      26181
1648314930        321        318      39295      19364
1648314940        274        275      36127      18265
1648314950        351        351      39649      21945
1648314961        279        279      36190      18468
1648314971        359        359      40656      22056
1648314981        279        278      37115      18435
1648314991        559        555      40743      34803
1648315001        146        145      16213       9840
1648315011        140        138      15961       8199
1648315022        235        231      20828      12289
1648315032        132        130      14714       8110
1648315042        220        221      18442      12183
1648315052        109        109      13294       7829
1648315062        121        121      14001       8138
1648315072        212        210      18613      11868
1648315083        128        128      13980       8221
1648315093        210        209      18433      11885
1648315103        131        131      14917       8273
1648315113        144        142      15442       8258
1648315123        233        229      19246      12229
1648315133        125        125      14042       8052
1648315143        221        221      18918      12183
1648315154        119        118      15007       8012
1648315164        135        134      15653       8318
