1648314302        154        154      13672      12034
1648314312        189        189      14669      11680
1648314322        114        115      11377       8226
1648314332        152        154      12245       8597
1648314342        178        179      15225      10756
1648314353        123        123      12783       8201
1648314363        177        178      14955      10641
1648314373      14201      15236    1083251    3005119
1648314383      28834      29681    1945545    5307324
1648314393      26808      27634    1888989    3601891
1648314403      21285      22429    1404615    3963926
1648314414      49983      51020    1147066   40864309
1648314424       6289       6388     145922    5306373
1648314434        217        216      23225      12597
1648314444        618        662      43309     111926
1648314455        179        179      21650      12128
1648314465        274        272      26348      16096
1648314475        199        198      22858      12164
1648314485        180        179      23016      11960
1648314496      29991      30011    2897554    2195778
1648314507      38778      38784    3754925    2788538
1648314521      58004      58004    5635744    4144748
1648314538      67617      67620    6564111    4829052
1648314555      67141      67139    6501397    4783615
1648314572      65755      65754    6363527    4684050
1648314587      65704      65710    6354666    4677564
1648314602      58940      58934    5695334    4192687
1648314617        737        735      94293      47273
1648314632        664        665      89870      43755
1648314646        743        744      93308      47629
1648314661        648        650      88515      43644
1648314676        750        751      93306      47496
1648314691        734        735      92690      47432
1648314701        632        632      88691      43185
1648314711        644        644      89401      43516
1648314722        734        733      94037      47264
1648314732        664        662      88609      43682
1648314743        738        738      92920      47396
1648314753        634        636      87112      43418
1648314763        638        637      87517      43259
1648314774        759        759      91666      47788
1648314784        630        631      87359      43196
1648314794       1073       1168     103363     154709
1648314804        592        593      83639      40113
1648314815        674        674      83649      43778
1648314825        572        573      79643      39568
1648314835        609        610      80715      40151
1648314845        676        675      83673      43867
1648314856        532        532      73788      36330
1648314866        619        619      77327      40009
1648314876        545        547      73844      36579
1648314886        524        527      72783      36555
1648314896        575        574      66195      36904
1648314907        385        386      54246      26035
1648314917        485        481      53848      29969
1648314927        284        283      37863      18629
1648314937        317        314      38281      18901
1648314947        365        364      40287      22137
1648314957        272        270      35553      18348
1648314968        363        362      39139      22099
1648314978        282        282      35570      18486
1648314988        454        451      35597      30547
