1648314342        157        157      14021      12352
1648314352        212        213      14948      11891
1648314362        122        124      11728       8632
1648314373      13410      14426    1036330    2806643
1648314383      28322      29267    1907483    5344212
1648314393      26825      27658    1894806    3611201
1648314403      21250      22417    1399164    3898178
1648314413      47267      48342    1138866   37934151
1648314423       9349       9458     180675    8276811
1648314434        178        177      21855      11956
1648314444        620        667      43237     112274
1648314454        198        198      21469      12068
1648314465        184        183      22446      12179
1648314475        273        272      27073      15889
1648314485      16953      16976    1647152    1266023
1648314496      54440      54434    5265086    3882600
1648314507      42079      42089    4064840    3021158
1648314523      62762      62752    6114198    4492344
1648314539      63509      63507    6158193    4529446
1648314555      62372      62371    6042394    4446322
1648314571      63006      63011    6096777    4488194
1648314586      63624      63631    6148370    4526047
1648314600      23417      23408    2278516    1665615
1648314615        641        642      88263      43522
1648314630        733        734      93137      47412
1648314645        729        731      93333      47215
1648314660        676        676      90350      44111
1648314675        743        743      94643      47536
1648314690        638        639      89563      43324
1648314705        746        748      93549      47636
1648314720        735        736      92901      47464
1648314731        646        645      88909      43189
1648314741        638        639      88526      43482
1648314751        744        743      93398      47343
1648314761        654        652      88591      43678
1648314772        732        731      93152      47227
1648314782        648        647      88506      43581
1648314792        634        634      88729      43206
1648314802        740        740      91704      47502
1648314813        631        632      87577      43217
1648314823        728        728      91449      47321
1648314833        633        634      87544      43217
1648314843        993       1073      99290     148753
1648314854        714        713      86306      44866
1648314864        480        481      64090      32692
1648314874        558        560      65064      36383
1648314884        440        440      60771      29632
1648314894        427        427      53300      29500
1648314905        434        430      49488      26292
1648314915        282        281      36029      18614
1648314925        354        354      40098      21999
1648314935        279        279      36607      18454
1648314945        373        372      41294      22238
1648314955        300        303      36788      18748
1648314966        285        279      36944      18325
1648314976        371        370      41693      22360
1648314986        457        455      37523      30580
1648314996        242        240      19989      14179
1648315006        123        122      14004       7987
1648315016        119        119      13474       8113
1648315027        205        203      18001      11798
1648315037        136        135      14580       8336
1648315047        204        204      17889      11783
1648315057        147        147      14635       8450
1648315067        123        122      14668       8007
