1648314360        157        159      14063      12460
1648314370       8280       8920     697374    1623631
1648314380      26782      27912    1719344    5749535
1648314391      29905      30421    2178747    3633418
1648314401      20054      21383    1302711    3569337
1648314411      36104      37183    1274504   22994806
1648314421      25290      25517     363127   24185433
1648314431        420        429      28182     130311
1648314441        505        556      36173     107262
1648314452        283        281      27343      16730
1648314462        187        187      22568      12229
1648314473        172        172      21745      11876
1648314483        279        278      26777      16133
1648314498      70771      70793    6871645    5102048
1648314515      69178      69165    6712072    4940816
1648314533      73095      73095    7065937    5202831
1648314550      68311      68323    6604860    4883494
1648314567      67875      67869    6566964    4835057
1648314582      62960      62962    6084986    4479737
1648314597      40208      40208    3896011    2861390
1648314612        740        740      91880      47703
1648314627        739        740      92619      47508
1648314642        637        640      88641      43347
1648314657        731        732      92496      47375
1648314671        639        642      88698      43550
1648314686        726        727      93527      47244
1648314701        740        743      87641      46621
1648314716        635        636      85099      42683
1648314731        748        750      93635      47673
1648314746        617        619      83096      42220
1648314761        720        723      88862      46383
1648314772        643        643      88715      43411
1648314782        729        729      92606      47216
1648314792        665        664      89320      43729
1648314803        705        708      87343      46077
1648314813        621        622      83276      42374
1648314823        617        617      84741      42244
1648314833        736        736      92244      47172
1648314844        623        624      83270      42432
1648314854        707        707      87395      46007
1648314864        632        633      85073      42758
1648314874        623        625      86712      43069
1648314885        721        723      87617      46491
1648314895       1128       1214      96736     255521
1648314905        664        662      77566      42855
1648314915        553        553      60278      39343
1648314925        276        273      33624      17763
1648314936        351        356      34783      22325
1648314946        291        291      40338      18643
1648314956        413        407      49991      23768
1648314966        262        262      30704      17400
1648314976        337        336      34584      20854
1648314986        469        466      32047      30183
1648314997        157        156      15513       9782
1648315007        201        200      13318      10994
1648315017         96         96       8887       6807
1648315027        213        212      14528      11267
1648315037        128        126      15359       7928
1648315047        104        104       9077       7077
1648315058        190        190      13096      10688
1648315068        115        115      11161       7343
1648315078        204        202      18208      11593
1648315088        108        108       9127       7127
1648315098        129        129      10903       7337
1648315108        211        210      14952      11375
1648315118        109        109      12305       7472
1648315129        202        200      13347      10983
1648315139        110        110      10528       7105
