1648314353        144        144      12887      11573
1648314363        190        190      15058      11876
1648314373      13899      14955    1069629    2945075
1648314383      28640      29470    1931446    5285905
1648314393      26203      27018    1845607    3527474
1648314403      21494      22662    1422694    3927321
1648314413      38357      39302    1024357   29334872
1648314424      17904      18081     272747   16912541
1648314434        267        267      25640      15830
1648314444        511        568      37266     107793
1648314454        175        175      22321      11891
1648314465        276        276      26254      16107
1648314475        179        178      22488      12110
1648314485       6212       6239     605786     480526
1648314497      57559      57547    5582171    4115112
1648314511      54187      54187    5237109    3856223
1648314528      68238      68249    6622182    4897115
1648314544      67636      67630    6550586    4820647
1648314561      66986      66995    6476585    4768370
1648314576      57182      57188    5543196    4077488
1648314589      59941      59928    5796035    4267557
1648314604      15006      15004    1472041    1067518
1648314619        751        752      93132      47523
1648314633        636        639      88263      43487
1648314648        732        733      93054      47402
1648314663        725        728      93370      47193
1648314678        643        644      89800      43542
1648314693        743        745      93608      47593
1648314708        652        653      89818      43509
1648314723        759        760      93719      47743
1648314734        645        644      88692      43527
1648314744        727        727      93234      47148
1648314754        645        647      88629      43582
1648314765        730        729      93189      47171
1648314775        639        639      88507      43474
1648314785        727        725      93107      47137
1648314795        643        643      88492      43498
1648314806        647        647      88983      43323
1648314816        745        745      91719      47599
1648314826        646        646      87777      43392
1648314836        733        734      91537      47400
1648314847        631        632      87517      43203
1648314857        632        633      87982      43224
1648314867       1124       1206     107453     166989
1648314877        572        573      79294      39557
1648314888        673        676      84342      44019
1648314898        573        573      73712      39967
1648314908        477        472      57870      30438
1648314918        361        360      40301      22097
1648314928        286        286      35776      18558
1648314939        365        372      40263      22649
1648314949        293        288      37399      18634
1648314959        286        285      37092      18401
1648314969        373        371      40777      22410
1648314979        269        269      36770      18150
1648314990        573        571      41745      35009
1648315000        148        145      17213       9998
1648315010        148        146      15007       8447
1648315020        220        219      18280      12043
1648315030        130        130      13666       8212
1648315040        204        203      18032      11765
1648315050        129        129      14522       8248
1648315061        209        208      17962      11845
1648315071        125        124      14348       8193
1648315081        118        117      14629       7939
1648315091        228        228      19645      12275
1648315101        125        123      15635       8007
