1648314302        158        158      13952      12292
1648314312        193        193      14649      11682
1648314322        116        117      11565       8354
1648314333        188        188      14934      11002
1648314343        138        139      12474       8195
1648314353        129        130      12839       8316
1648314363        168        169      14777      10468
1648314373      14858      15750    1113921    3135809
1648314383      29300      30025    1978394    5252411
1648314393      26613      27311    1862051    3563735
1648314404      22108      23081    1445301    4127556
1648314414      35864      36647     933327   27474996
1648314424      19475      19656     294784   18430530
1648314434        282        280      27174      16180
1648314445        559        601      39457     108397
1648314455        274        272      25981      16068
1648314465        174        174      22015      11891
1648314475        196        196      22866      12336
1648314485        276        273      27364      15918
1648314497      45071      45086    4376840    3264121
1648314512      57491      57497    5576110    4106150
1648314529      72015      72008    6996509    5148317
1648314548      72698      72696    7025940    5172718
1648314565      69552      69558    6718417    4969643
1648314579      58336      58349    5650808    4156362
1648314592      65547      65540    6327466    4659215
1648314607      11941      11934    1172884     846886
1648314622        660        659      90311      43752
1648314637        736        736      93769      47332
1648314652        674        673      89434      43895
1648314667        731        733      92723      47446
1648314682        742        740      93259      47338
1648314697        643        645      88461      43557
1648314712        730        732      92113      47413
1648314726        641        653      88658      43839
1648314741        740        730      92809      47073
1648314756        768        767      93175      48037
1648314771        650        650      88954      43595
1648314781        728        728      91140      47073
1648314792        640        640      87718      43460
1648314802        624        626      86898      43144
1648314812        728        728      91894      47333
1648314823        633        632      87960      43190
1648314833        740        739      92974      47491
1648314843        630        632      87828      43242
1648314853        660        661      87769      43705
1648314864        711        711      91900      46958
1648314874       1049       1103     100274     162553
1648314884        682        679      88233      43950
1648314894        590        591      77151      40709
1648314904        421        421      54777      29116
1648314915        464        463      54623      29594
1648314925        345        346      43614      22505
1648314935        375        381      43410      23282
1648314945        295        289      38266      18907
1648314955        298        297      37592      18521
1648314966        382        375      42291      22484
1648314976        284        284      36289      18353
1648314986        568        563      39992      34919
