1648314328        153        153      13684      12033
1648314338        196        199      14666      11835
1648314348        113        114      11518       8322
1648314359        132        132      12008       8270
1648314369       4607       5002     461754     916932
1648314379      25556      26735    1616383    5743943
1648314389      31242      31756    2272293    3751565
1648314399      20067      21285    1294077    3607750
1648314409      28744      29856    1388294   12660813
1648314419      36150      36442     481870   35028184
1648314430        719        733      48415     256060
1648314440        505        556      35813      72242
1648314450        286        287      28424      51836
1648314461        293        292      27369      16295
1648314471        185        183      23247      12043
1648314481        182        182      21772      12149
1648314493      18312      18330    1786233    1350729
1648314506      53533      53531    5205987    3829882
1648314525      73984      73985    7171443    5279638
1648314543      71383      71377    6919009    5092080
1648314561      73046      73044    7052163    5194946
1648314578      69082      69095    6678788    4940885
1648314591      59683      59686    5777636    4251671
1648314606      33393      33388    3243237    2378434
1648314620        730        731      92797      47174
1648314635        740        741      93457      47557
1648314650        648        649      89861      43731
1648314665        747        747      94442      47427
1648314680        650        650      89662      43626
1648314695        750        753      93492      47671
1648314709        639        641      88343      43340
1648314724        748        750      93398      47648
1648314739        732        732      92515      47242
1648314751        632        634      88688      43247
1648314762        746        746      92813      47512
1648314772        644        643      88770      43388
1648314783        643        643      88323      43509
1648314793        733        730      92956      47178
1648314803        637        639      87161      43472
1648314813        719        720      91699      47045
1648314824        638        638      87145      43369
1648314834        635        637      87391      43330
1648314844       1095       1170     103109     166638
1648314854        584        583      83577      39914
1648314864        682        683      83801      43830
1648314875        585        588      78563      40079
1648314885        532        533      71610      36540
1648314895        582        582      70284      36875
1648314905        477        476      62339      32691
1648314916        530        535      63933      34081
1648314926        402        400      50812      26220
1648314936        429        423      47178      25992
1648314946        279        278      37024      18446
1648314956        266        266      36210      18124
1648314966        383        384      41332      22548
1648314977        273        271      37179      18219
1648314987        579        569      42296      34935
1648314997        150        150      15589      10123
1648315007        125        125      14078       8200
1648315017        203        202      17512      11758
