1648314345        153        154      13811      12183
1648314355        135        135      11730       8829
1648314365        201        203      15541      12230
1648314375      19394      20822    1354933    4695124
1648314385      30813      31447    2188260    4382564
1648314396      22456      23628    1519415    3452001
1648314406      24251      25387    1594123    4673113
1648314416      49006      49734     847202   44382206
1648314426        874        913      52322     338431
1648314436        286        286      26435      16233
1648314447        513        564      38128     107928
1648314457        199        199      22204      12334
1648314467        274        272      26560      15932
1648314478        202        201      23819      12995
1648314488        278        276      27642      15851
1648314500      45944      45957    4462393    3343381
1648314516      64958      64958    6290164    4631826
1648314534      72875      72876    7076272    5205470
1648314552      72204      72200    6971733    5133940
1648314570      70793      70804    6837521    5068465
1648314584      59932      59930    5797424    4265622
1648314599      65495      65495    6327216    4660466
1648314614        718        718      90645      46771
1648314629        641        642      89252      43698
1648314644        735        738      93004      47292
1648314659        654        654      89400      43607
1648314674        733        735      93963      47442
1648314689        741        742      94515      47545
1648314704        662        663      89901      43801
1648314718        721        721      93098      47097
1648314733        653        654      88726      43671
1648314748        742        742      93390      47544
1648314758        652        654      88585      43461
1648314769        736        737      92217      47514
1648314779        638        635      88298      43246
1648314790        733        731      93207      47371
1648314800        638        638      88265      43271
1648314810        644        645      88894      43560
1648314820        716        715      91284      46959
1648314831        638        638      87747      43429
1648314841        720        722      91239      47095
1648314851        669        676      88781      62906
1648314861       1015       1090     101991     158051
1648314871        685        688      85439      43981
1648314882        568        567      75273      39440
1648314892        646        649      78917      41715
1648314902        413        413      52043      28625
1648314912        397        398      49961      26261
1648314922        420        419      49268      26172
1648314933        279        280      35728      18452
1648314943        378        376      40997      22565
1648314953        279        281      36645      18472
1648314963        387        380      41497      22334
1648314973        280        280      36505      18495
1648314983        468        469      36945      30952
1648314994        228        226      20742      13512
1648315004        140        137      16481       8386
1648315014        218        216      18902      11946
1648315024        123        123      14123       8175
1648315034        120        120      13444       7950
1648315044        221        221      18330      12191
1648315054        122        121      14379       7970
1648315065        232        231      18395      12275
1648315075        122        122      14221       8020
