1648314357        161        161      13999      12274
1648314367       3587       3687     434467     600653
1648314378      23264      24710    1432305    5423829
1648314388      32202      32727    2317511    4064326
1648314398      19565      20814    1262423    3545497
1648314408      26904      28028    1581294    8118928
1648314418      41613      42076     561080   40099139
1648314428        723        739      53476     232048
1648314439        341        340      33761      20066
1648314449        560        615      45109     111469
1648314460        344        344      34654      19966
1648314470        239        239      29373      15668
1648314481        237        236      29954      15738
1648314491      12567      12585    1219983     950829
1648314503      46402      46401    4494248    3309434
1648314520      68880      68882    6669186    4909152
1648314538      74111      74119    7176692    5305254
1648314555      69491      69499    6733827    4954039
1648314572      65262      65252    6314888    4646561
1648314588      68155      68167    6589057    4851549
1648314603      47694      47680    4628253    3400479
1648314618        774        775     103347      51405
1648314633        793        794      96635      50406
1648314648        693        695      95754      47055
1648314664        801        802     100898      51289
1648314679        697        697      96687      46955
1648314694        799        799     101823      51272
1648314709        790        789     101167      51158
1648314720        688        686      97030      46759
1648314730        699        698      96711      47122
1648314741        795        796     100549      51070
1648314751        703        705      96708      47191
1648314761        791        789     100465      50911
1648314772        712        711      96736      47301
1648314782        686        687      95788      46783
1648314792        808        804     101118      51344
1648314802        691        690      95783      46863
1648314813        790        788     100861      51125
1648314823        775        780      96690     117263
1648314833       1127       1205     112604     153763
1648314844        630        631      87015      43176
1648314854        637        637      87652      43415
1648314864        738        740      92602      47436
1648314874        648        649      84751      43613
1648314885        678        676      85246      44191
1648314895        542        544      72707      36739
1648314905        518        518      68754      35917
1648314915        592        591      71957      37517
1648314925        433        432      57708      29483
1648314936        493        489      54549      30226
1648314946        330        334      43756      22122
1648314956        340        338      44454      22344
1648314966        439        436      49391      26231
1648314976        346        345      44362      22454
1648314987        558        553      41193      34694
1648314997        155        153      16928      10183
1648315007        127        123      16221       8030
1648315017        218        215      19028      12071
1648315027        123        123      14097       8175
1648315037        215        215      17867      12036
1648315047        125        125      13995       8210
1648315058        113        113      14220       7880
1648315068        230        230      18510      12366
1648315078        130        130      14286       8128
1648315088        222        221      19282      12302
1648315098        131        129      15249       8090
1648315108        234        231      20343      12431
1648315118        131        129      15917       8816
