1648314323        149        149      13489      11848
1648314333        195        196      14757      11803
1648314343        119        120      11593       8397
1648314353        119        120      11750       7976
1648314363        202        204      15680      11336
1648314373      15339      16431    1156517    3298621
1648314384      29019      29809    1967544    5192813
1648314394      25719      26595    1800483    3533236
1648314404      21962      23104    1442720    4075790
1648314414      43191      44029     999618   35300848
1648314424      11556      11683     203538   10573811
1648314434        271        270      26040      15851
1648314445        538        587      39569     108680
1648314455        275        274      25866      15611
1648314465        196        196      23463      12381
1648314476        170        170      21502      11851
1648314486        323        325      27546      35479
1648314500      61526      61541    5969909    4432882
1648314517      69985      69982    6790122    4997217
1648314535      72454      72458    7020085    5166985
1648314553      71863      71858    6957548    5123380
1648314571      71819      71818    6939335    5110898
1648314587      64395      64413    6219056    4602985
1648314601      40002      39997    3886592    2853032
1648314616        743        744      93046      47545
1648314631        744        745      93543      47581
1648314646        638        639      89501      43315
1648314661        760        761      94696      47794
1648314676        644        644      89632      43531
1648314691        742        742      93421      47536
1648314706        639        732      92652      47233
1648314721        746        653      89164      43647
1648314736        741        742      92815      47525
1648314750        636        637      88765      43290
1648314764        763        760      94035      47743
1648314774        651        650      88998      43618
1648314784        730        730      92447      47204
1648314795        642        641      88809      43469
1648314805        623        625      86934      43116
1648314815        740        740      92062      47487
1648314826        624        625      86870      43101
1648314836        726        726      91723      47150
1648314846        639        640      88095      43465
1648314856        631        630      88352      43193
1648314867        743        742      91413      47463
1648314877        992       1069     100656     161693
1648314887        680        682      80923      44060
1648314897        530        532      71948      36509
1648314907        583        584      69448      37069
1648314918        436        436      60917      29423
1648314928        437        434      53669      29515
1648314938        430        428      49987      26261
1648314948        284        283      37056      18525
1648314958        383        384      40933      22572
1648314969        297        295      36973      18487
1648314979        267        266      37106      18129
1648314989        583        564      42252      34937
1648314999        137        136      15394       9948
