1648314294        164        164      13960      12396
1648314304        123        127      11682       8969
1648314315        181        180      14539      11139
1648314325        117        118      11871       8065
1648314335        126        129      12521       8428
1648314345        195        195      15933      10933
1648314355        119        119      12031       7998
1648314365        393        394      36302      27843
1648314376      20711      21791    1422412    4822065
1648314386      31221      31734    2211397    4410498
1648314396      21647      22584    1445527    3368126
1648314406      24703      25627    1619986    4623035
1648314416      48599      49192     820646   44190413
1648314426        794        812      49696     299261
1648314437        275        272      27441      15900
1648314447        551        590      37814     108411
1648314457        175        175      21970      11909
1648314468        277        276      26915      16119
1648314478        194        193      23176      12124
1648314489        281        280      25868      16179
1648314499        176        176      21858      11849
1648314509       3108       3122     306230     272986
1648314528      73832      73831    7174891    5281451
1648314546      72054      72056    6993751    5145721
1648314564      72168      72165    6990554    5145954
1648314582      71320      71326    6902578    5081606
1648314594      91012      91183    8824010    6518720
1648314609      64778      64610    6426550    4729971
1648314624        734        735      93615      47272
1648314639        736        738      93009      47354
1648314654        659        659      88569      43719
1648314669        731        732      93001      47257
1648314684        661        661      88548      43742
1648314699        740        743      93135      47546
1648314714        737        739      93542      47529
1648314728        638        637      88626      43269
1648314743        736        735      92484      47457
1648314758        664        665      88958      43799
1648314773        717        719      91068      47074
1648314783        661        662      87855      43718
1648314794        722        722      91055      47087
1648314804        636        638      87475      43452
1648314814        718        717      92016      47013
1648314824        640        638      88485      43415
1648314835        630        632      87695      43221
1648314845        729        730      91579      47361
1648314855        640        641      87730      43312
1648314865        734        732      92555      47394
1648314876        624        625      88477      43117
1648314886       1184       1244     104855     265370
1648314896        652        652      77118      43261
1648314906        503        503      68408      34201
1648314917        406        404      44472      25509
1648314927        299        296      39621      18946
1648314937        271        270      36664      18190
1648314947        386        384      41827      22491
1648314957        284        282      37702      18386
1648314967        375        373      40486      22425
1648314978        264        263      35351      18085
