1648314295        142        142      12873      11425
1648314305        210        214      15418      12386
1648314315        114        115      11540       8329
1648314325        188        188      14849      10895
1648314335        111        114      12109       7951
1648314345        128        128      13013       8372
1648314356        179        178      15183      10813
1648314366        620        624      62788      48177
1648314376      21826      23261    1510247    5051373
1648314386      30981      31593    2198757    4390615
1648314396      21016      22193    1405799    3328839
1648314406      24854      25996    1628129    4806694
1648314417      46890      47500     706857   43989592
1648314427       1730       1780     101560     680513
1648314437        177        176      23127      11928
1648314448        521        576      37561     108236
1648314458        265        265      26248      15806
1648314468        197        196      22847      12347
1648314478        276        274      27375      15903
1648314489      19821      19842    1919463    1471181
1648314501      49871      49864    4836910    3561329
1648314517      66676      66678    6466288    4759183
1648314535      71161      71177    6896921    5098441
1648314552      67447      67437    6527795    4805531
1648314569      67567      67578    6550593    4820564
1648314583      59574      59563    5767283    4243443
1648314598      50055      50055    4851214    3565594
1648314613        743        741      93151      47197
1648314628        744        741      93958      47518
1648314643        652        654      89151      43693
1648314658        734        734      92759      47412
1648314673        646        648      88944      43446
1648314688        753        754      92933      47671
1648314702        742        744      92276      47567
1648314717        642        642      88380      43501
1648314732        731        729      93004      47224
1648314747        644        644      88362      43542
1648314758        726        726      92901      47158
1648314768        634        636      87170      43418
1648314779        739        737      91944      47292
1648314789        646        647      87249      43546
1648314799        634        635      87625      43353
1648314809        744        745      92546      47555
1648314820        634        633      88449      43214
1648314830        740        741      92386      47527
1648314840        627        629      87365      43254
1648314850        995       1067      98475     160419
1648314861        678        680      87755      43918
1648314871        602        603      81571      40151
1648314881        660        661      77031      44523
1648314891        525        526      69815      34519
1648314902        466        467      55926      29419
1648314912        394        393      51162      26139
1648314922        324        325      44079      22139
1648314932        433        431      49087      26280
1648314942        369        369      48458      25418
1648314952        396        396      45194      22968
1648314963        271        271      36120      18210
1648314973        287        286      35850      18548
1648314983        586        574      40186      35123
