1648314359        154        154      13877      12231
1648314369       5833       6391     537247    1143853
1648314379      26059      27284    1654447    5825758
1648314390      30963      31503    2250087    3777831
1648314400      19782      21081    1287476    3498450
1648314410      30713      31866    1345597   15672726
1648314420      33703      34002     468797   32408821
1648314430        194        195      21326      17403
1648314440        516        571      37385     108157
1648314451        295        296      26463      16188
1648314461        184        183      22536      12179
1648314471        268        267      26075      15819
1648314482        185        184      22485      12197
1648314495      51492      51502    4992445    3735539
1648314511      63454      63452    6173382    4541404
1648314529      72933      72932    7064181    5201021
1648314547      71755      71763    6933197    5126506
1648314563      67402      67406    6523598    4802178
1648314580      66460      66466    6428595    4733768
1648314592      55574      55577    5377695    3957229
1648314607       3581       3568     362939     249117
1648314622        733        735      92571      47418
1648314636        655        657      88952      43735
1648314651        764        765      92876      47815
1648314666        632        634      88665      43361
1648314681        732        733      93471      47420
1648314696        735        735      93986      47457
1648314711        656        656      90368      43704
1648314726        730        730      93970      47364
1648314741        651        650      89078      43459
1648314752        747        746      92924      47419
1648314762        651        650      89141      43618
1648314772        723        724      92562      47141
1648314783        642        642      89013      43491
1648314793        628        628      88203      43120
1648314803        747        745      93374      47583
1648314814        628        627      88149      43128
1648314824        732        730      93118      47337
1648314834        640        642      87311      43401
1648314844        634        634      87700      43357
1648314855        743        743      91496      47322
1648314865        633        634      87576      43376
1648314875        757        764      93323      66652
1648314885       1005       1072     102765     135598
1648314895        486        487      64693      33609
1648314906        484        483      53192      30030
1648314916        325        324      41631      22039
1648314926        372        372      40030      22397
1648314936        279        278      36114      18289
1648314946        374        375      39986      22417
1648314957        300        298      36290      18546
1648314967        275        275      36522      18411
1648314977        361        360      41089      22073
1648314987        465        461      36319      30830
1648314997        227        225      20350      13615
1648315007        135        133      15913       8312
1648315017        127        122      16188       8012
1648315028        221        220      18947      12177
1648315038        130        129      14034       8102
1648315048        216        216      17783      12092
1648315058        138        138      14024       8208
1648315068        117        116      14238       7921
1648315078        224        223      19227      12198
1648315089        114        113      14073       7891
1648315099        221        221      19087      12170
1648315109        126        125      15149       8037
1648315119        131        129      15754       8252
1648315129        214        212      19247      11885
