1648314328        164        164      13942      12364
1648314338        135        138      11834       9086
1648314348        173        174      14277      10861
1648314358        121        121      11865       8138
1648314369       4381       4770     453131     877528
1648314379      25345      26621    1596741    5660303
1648314389      31539      32050    2300313    3801716
1648314399      20092      21364    1289194    3648113
1648314409      29381      30604    1439539   12793721
1648314419      36235      36541     477084   35221228
1648314430        837        851      51386     308194
1648314440        507        556      34957     106198
1648314450        303        304      29649      18256
1648314461        185        184      22714      12048
1648314471        178        177      23193      11935
1648314481        274        274      26019      16082
1648314492      19403      19421    1892235    1439143
1648314503      45567      45561    4417790    3256191
1648314520      67567      67573    6554546    4822434
1648314537      67506      67513    6546705    4839359
1648314553      66657      66657    6448831    4747067
1648314569      63240      63235    6134459    4512766
1648314585      64105      64112    6201661    4564567
1648314600      58022      58017    5609179    4129469
1648314614        677        677      88701      43973
1648314629        736        736      93621      47555
1648314644        654        657      89841      43714
1648314659        727        726      94084      46997
1648314673        741        744      93955      47612
1648314688        639        640      89050      43474
1648314703        728        728      92682      47187
1648314718        679        678      89491      43961
1648314728        735        735      92759      47465
1648314739        645        645      88932      43379
1648314749        731        729      93696      47320
1648314759        637        637      88759      43291
1648314769        638        638      88324      43467
1648314780        721        719      92863      47035
1648314790        632        633      87177      43358
1648314800        723        726      91806      47157
1648314810        656        657      87452      43605
1648314821       1031       1111      99797     164003
1648314831        686        687      87639      44159
1648314841        589        590      81043      39781
1648314851        656        657      79468      43315
1648314862        536        536      75166      36613
1648314872        516        518      72624      35988
1648314882        624        622      77640      40190
1648314892        529        530      67351      36791
1648314903        489        486      56856      30274
1648314913        341        342      43942      22143
1648314923        430        426      44479      25991
1648314933        291        291      39765      18701
1648314943        286        286      36544      18537
1648314954        365        364      41009      22144
1648314964        281        282      37397      18501
1648314974        367        364      41963      22117
1648314984        485        505      36335      31473
1648314994        131        130      14748       8929
1648315004        215        215      17736      12085
