1648314362        156        156      13756      12186
1648314373      13469      14457    1013624    2816785
1648314383      28443      29354    1912433    5346522
1648314393      26962      27789    1904152    3615959
1648314403      21259      22413    1399769    3887115
1648314413      51733      52812    1178853   42443312
1648314423       4746       4827     132746    3673640
1648314434        180        180      21082      12135
1648314444        604        665      41660     112088
1648314455        210        210      23433      13459
1648314465        191        190      22860      12356
1648314475        292        294      26597      16486
1648314486      88311      88350    8695396    6487193
1648314499      64106      64093    6213350    4574585
1648314516      69651      69650    6752297    4966643
1648314533      67229      67233    6519141    4798754
1648314549      63105      63099    6105265    4492717
1648314563      55097      55105    5339580    3927299
1648314577      41182      41173    3981520    2924977
1648314592        660        662      87304      43851
1648314606        733        734      92315      47528
1648314621        732        733      93023      47682
1648314636        641        643      88879      43549
1648314651        733        734      92765      47521
1648314666        641        642      88808      43535
1648314681        770        771      94754      48489
1648314696        755        756      94480      47835
1648314706        662        663      90148      44439
1648314717        651        650      90077      43744
1648314727        755        757      94187      48188
1648314738        637        638      88484      43319
1648314748        743        742      92609      47660
1648314758        645        646      88872      43721
1648314769        651        652      89099      43472
1648314779        752        751      94214      47716
1648314789       1123       1216     104906     252399
1648314800        686        685      85426      44055
1648314810        579        580      81219      39678
1648314820        688        688      84366      44038
1648314830        578        578      80092      39637
1648314841        589        591      79747      40000
1648314851        689        686      81129      44160
1648314861        548        549      75996      36857
1648314871        644        644      74425      41583
1648314881        491        491      67323      33169
1648314892        483        485      59823      33131
1648314902        476        476      53826      30131
1648314912        330        331      46092      22391
1648314922        432        431      48515      26389
1648314932        330        330      42341      22331
1648314943        287        285      36288      18533
1648314953        369        369      41076      22467
1648314963        289        287      37367      18729
1648314973        387        386      41040      22499
1648314983        483        482      37012      31144
1648314993        150        149      16731       9974
1648315003        230        225      20843      12368
1648315014        117        115      14472       7917
1648315024        226        225      18627      12343
1648315034        119        119      13691       8270
1648315044        122        123      13946       8174
1648315054        223        223      18987      12317
1648315064        124        124      14010       8350
1648315075        258        257      20174      13507
1648315085        131        130      14820       8299
1648315095        134        133      15247       8140
1648315105        239        236      20700      12815
1648315115        125        123      15350       8333
1648315125        230        227      20378      12537
1648315135        129        129      15037       8259
1648315146        130        127      15549       8143
1648315156        240        237      20763      12676
1648315166        152        149      18233       9687
