1648314290        150        150      13274      11798
1648314300        154        156      12591       9691
1648314310        123        125      11612       8513
1648314320        201        201      15065      11166
1648314330        111        113      12105       7918
1648314340        198        197      16113      11209
1648314351        115        116      12181       8051
1648314361        119        121      12638       8179
1648314371      10002      10631     799995    1978863
1648314381      27201      28173    1761921    5639895
1648314391      30160      30658    2185950    3677601
1648314401      18942      20122    1190032    3562238
1648314412      30983      31899    1203174   18049664
1648314422      29964      30221     417626   28740007
1648314432        300        305      25933      94469
1648314442        631        671      41971     112179
1648314453        177        176      21979      11927
1648314463        183        182      22632      12172
1648314473        272        270      27252      15875
1648314484      25921      26124    2550735    1949348
1648314496      71115      70935    6864139    5070085
1648314509      51398      51407    4987702    3670553
1648314526      68951      68944    6691378    4922648
1648314543      67744      67739    6555623    4825274
1648314558      63663      63667    6170671    4540477
1648314572      54108      54116    5236120    3851461
1648314586      48938      48926    4736049    3480708
1648314601        752        750      93386      47431
1648314616        747        747      93721      47465
1648314631        657        658      89141      43728
1648314645        735        737      92770      47458
1648314660        651        652      89018      43651
1648314675        731        733      92596      47418
1648314690        738        737      93168      47482
1648314705        650        651      88361      43427
1648314719        757        755      93299      47704
1648314730        637        637      87952      43121
1648314740        740        740      93092      47503
1648314751        628        630      86884      43217
1648314761        645        644      87707      43489
1648314771        711        713      91020      46977
1648314782        641        642      87572      43509
1648314792        721        721      92091      47059
1648314802        663        664      88860      43748
1648314812        643        644      87856      43411
1648314823       1152       1224     104011     190557
1648314833        588        588      79226      41143
1648314843        644        644      80539      40740
1648314853        532        530      73814      36208
1648314863        529        526      64094      36438
1648314874        480        481      60902      30125
1648314884        380        380      50490      25950
1648314894        427        432      49137      26494
1648314904        347        346      44426      22406
1648314914        333        331      44579      22099
1648314925        444        439      45741      26124
1648314935        284        280      40492      18562
1648314945        379        378      40627      22486
1648314955        266        267      35443      18148
1648314965        270        272      35017      18374
1648314975        355        355      39558      22006
