1648314362        222        222      16900      15112
1648314372      12915      13885     977957    2733317
1648314383      28263      29166    1907682    5348957
1648314393      27530      28337    1952727    3664539
1648314403      21255      22420    1411773    3844043
1648314413      38504      39492    1042943   29108271
1648314423      18351      18531     271550   17440282
1648314434        175        175      20871      11909
1648314444        599        654      40931     111451
1648314454        186        185      22099      12204
1648314465        279        279      26760      15981
1648314475        182        182      22159      12318
1648314485        201        201      22453      12076
1648314497      28041      28061    2723302    2059096
1648314511      53918      53914    5231432    3850246
1648314529      72581      72577    7042743    5182709
1648314547      72545      72540    7010346    5162570
1648314564      71536      71534    6914403    5091135
1648314580      63727      63740    6163683    4557545
1648314593      67033      67040    6486088    4777990
1648314608      22994      22984    2245771    1640123
1648314623        730        731      92626      47357
1648314638        735        738      93149      47514
1648314653        634        635      88154      43237
1648314668        746        749      93259      47632
1648314683        661        661      89629      43667
1648314698        747        748      94185      47658
1648314713        647        741      94570      47350
1648314728        740        645      89809      43561
1648314743        741        742      93560      47539
1648314758        641        641      88562      43351
1648314773        749        750      93614      47637
1648314783        664        665      88967      43715
1648314793        733        731      92172      47261
1648314804        640        641      88547      43499
1648314814        732        730      93192      47205
1648314824        640        638      88477      43426
1648314834        631        632      88737      43222
1648314845        734        735      91661      47419
1648314855       1041       1129     100312     176684
1648314865        687        687      85618      45313
1648314875        539        541      72772      36493
1648314886        552        554      73499      36629
1648314896        643        643      78074      40525
1648314906        522        522      69263      36460
1648314916        520        519      57841      33114
1648314926        376        376      53065      25760
1648314937        392        386      46042      25782
1648314947        383        380      43290      22578
1648314957        277        277      35692      18447
1648314967        375        375      40395      22274
1648314977        268        268      36507      18311
1648314987        475        469      37033      30709
1648314998        244        243      20188      13994
1648315008        118        116      15225       7913
1648315018        224        223      20204      12187
1648315028        126        124      16213       8037
1648315038        128        127      14749       8226
1648315048        213        211      18254      11888
1648315059        121        121      13518       8149
1648315069        221        221      18252      11999
1648315079        127        126      14505       8219
1648315089        238        237      19416      12159
1648315099        131        130      14399       8312
1648315109        118        116      14658       7921
1648315120        225        225      18730      12283
1648315130        116        115      14513       7906
1648315140        218        217      18429      12111
1648315150        121        121      14460       7980
1648315160        128        127      15094       8234
