1648314363        154        154      13905      12257
1648314373      15074      16198    1135177    3228807
1648314384      29118      29922    1975984    5195691
1648314394      26131      26997    1833073    3552681
1648314404      22093      23228    1446216    4184474
1648314414      35350      36198     909348   27441066
1648314424      19362      19545     292214   18266373
1648314434        170        170      20875      11840
1648314445        523        576      37462     108225
1648314455        286        285      26523      16236
1648314465        179        178      22338      11964
1648314475        263        263      26041      15769
1648314486        204        203      22749      12440
1648314498      34792      34803    3380583    2543492
1648314510      51124      51125    4952523    3648462
1648314527      66805      66803    6481199    4768076
1648314545      72119      72124    6978794    5138028
1648314563      71099      71105    6874218    5082192
1648314578      61104      61104    5918941    4354635
1648314591      63717      63725    6162853    4537971
1648314606      31651      31642    3076159    2255037
1648314621        644        645      88450      43510
1648314636        737        739      93182      47532
1648314651        737        738      92717      47387
1648314666        642        644      88976      43626
1648314680        737        739      93793      47664
1648314695        658        659      90020      43724
1648314710        732        731      93454      47213
1648314725        744        744      93963      47429
1648314740        644        644      89392      43649
1648314750        740        743      92930      47376
1648314761        647        645      89243      43506
1648314771        636        637      88471      43276
1648314781        732        732      92323      47398
1648314792        645        643      88541      43291
1648314802        737        739      93356      47497
1648314812        633        633      88333      43170
1648314822        642        641      88966      43458
1648314832        754        761      92421      69551
1648314843        984       1052     100723     147074
1648314853        687        688      82767      43964
1648314863        533        534      72716      36363
1648314873        623        622      74762      40535
1648314884        436        434      58743      29325
1648314894        440        447      57269      29653
1648314904        523        522      56688      33370
1648314914        336        339      45752      22536
1648314924        432        430      46562      26224
1648314934        289        286      36889      18666
1648314945        279        280      35727      18480
1648314955        374        375      40400      22252
1648314965        267        267      36496      18207
1648314975        368        366      41325      22329
1648314985        462        459      36228      30671
1648314995        157        156      16523      10123
1648315006        213        212      19950      11896
1648315016        149        146      16588       8482
1648315026        215        213      18778      11837
1648315036        125        125      14115       8211
1648315046        112        112      13311       7861
1648315056        231        231      18386      12219
1648315067        118        117      14304       7928
1648315077        217        216      18106      12027
1648315087        132        131      14523       8263
1648315097        129        129      14691       8101
1648315107        213        212      19328      11825
1648315117        138        135      14864       8337
1648315127        213        212      18183      11818
1648315138        124        124      14568       8193
1648315148        120        119      14899       7953
1648315158        245        243      20047      12381
1648315168        125        122      15858       8012
