1648314323        146        146      13069      11641
1648314333        138        140      12422       9524
1648314343        113        114      11370       8208
1648314353        184        184      14930      10996
1648314363        120        121      12360       8143
1648314373      15539      16658    1163270    3294138
1648314384      29239      30013    1980320    5228916
1648314394      25604      26503    1788858    3518851
1648314404      22337      23519    1457902    4112701
1648314414      34878      35659     892833   27260126
1648314424      19560      19750     295337   18476840
1648314434        182        182      21886      12171
1648314445        518        566      38057     107953
1648314455        284        282      27236      16192
1648314465        183        183      23255      11999
1648314476        265        265      25818      15794
1648314486        185        185      22265      12204
1648314497      29771      29799    2879478    2190489
1648314509      49322      49315    4783628    3521494
1648314527      73890      73890    7166639    5274404
1648314545      71765      71758    6959006    5121890
1648314563      68473      68488    6621657    4897086
1648314578      62670      62665    6073154    4466805
1648314592      63834      63841    6171017    4543483
1648314606      32342      32337    3131179    2296246
1648314621        728        727      93202      47193
1648314636        639        640      89595      43507
1648314651        738        736      94432      47439
1648314666        654        656      89722      43690
1648314681        729        730      93311      47366
1648314696        640        640      88460      43503
1648314710        791        790      93940      48159
1648314725        731        731      92584      47223
1648314740        633        633      88651      43241
1648314751        733        735      92633      47443
1648314761        642        639      88789      43264
1648314772        739        740      92655      47514
1648314782        632        631      88594      43189
1648314792        634        634      87129      43374
1648314802        719        719      91728      47053
1648314813        677        678      87615      43928
1648314823        725        724      91690      47110
1648314833        631        631      87889      43177
1648314843       1096       1173     100586     252052
1648314854        675        676      86423      44963
1648314864        590        591      77444      40374
1648314874        567        568      69490      36524
1648314884        480        479      61897      32756
1648314895        433        435      61575      29659
1648314905        523        521      62593      33144
1648314915        469        467      56752      29980
1648314925        427        428      48612      26305
1648314935        334        335      45013      22262
1648314946        331        332      44203      22255
1648314956        435        427      47535      26050
1648314966        287        288      37497      18576
1648314976        371        366      42007      22197
1648314986        470        469      36194      30941
1648314996        130        130      14787       8918
1648315007        222        221      17844      12193
