1648314312        155        155      13788      12153
1648314322        120        121      11493       8724
1648314332        180        181      14451      11132
1648314342        116        117      11709       7944
1648314352        184        185      15187      10810
1648314363        130        131      12955       8249
1648314373      14218      15304    1085242    3071159
1648314383      28919      29767    1951088    5323369
1648314393      26310      27157    1856599    3551572
1648314404      21564      22772    1423696    3946247
1648314414      36761      37677     969565   28307701
1648314424      18627      18817     282453   17650310
1648314434        281        280      26714      16158
1648314444        513        567      38482     107960
1648314455        289        287      27749      16263
1648314465        185        185      21696      12022
1648314475        193        192      22631      12595
1648314485      15400      15423    1494106    1155295
1648314500      67825      67825    6588840    4848956
1648314518      73329      73323    7106997    5232620
1648314535      70388      70399    6825949    5047049
1648314552      67626      67623    6544639    4818471
1648314570      68777      68784    6657713    4899058
1648314585      62747      62744    6059005    4462020
1648314599      26165      26160    2548370    1863989
1648314614        740        740      93826      47726
1648314629        738        739      93930      47511
1648314644        651        653      90263      43665
1648314659        740        739      93834      47331
1648314674        657        658      89071      43596
1648314689        755        756      93061      47674
1648314703        729        730      93120      47243
1648314718        646        647      88506      43567
1648314733        737        737      93213      47515
1648314744        635        637      88223      43289
1648314754        745        742      93278      47573
1648314765        649        649      88338      43425
1648314776        648        648      88927      43555
1648314786        742        744      91720      47513
1648314796        637        637      87492      43308
1648314806        723        724      91252      47105
1648314817        637        638      87625      43448
1648314827        724        724      92223      47106
1648314837        642        641      88644      43484
1648314847        630        631      87110      43390
1648314858        728        729      91718      47343
1648314868        634        635      87833      43204
1648314878       1194       1276     108337     226338
1648314888        597        599      81568      40132
1648314899        567        567      67473      39801
1648314909        492        492      63762      30472
1648314919        386        384      50705      25987
1648314929        422        422      48987      26127
1648314939        332        330      40375      21969
1648314949        296        290      39775      18709
1648314960        379        378      41808      22473
1648314970        290        289      37947      18413
1648314980        374        371      40594      22400
1648314990        487        481      35805      30901
1648315000        314        313      30178      23314
