1648314323        149        149      13569      11870
1648314333        138        140      11969       9255
1648314343        184        185      14539      11140
1648314353        136        137      12053       8364
1648314363        196        198      15386      10966
1648314373      15434      16577    1166002    3315446
1648314384      28996      29726    1978838    5073268
1648314394      25848      26771    1810602    3549190
1648314404      22074      23287    1438868    4204737
1648314414      50231      51100    1072538   42377630
1648314424       4344       4425     126286    3358965
1648314434        193        193      22590      12764
1648314445        619        664      42418     111961
1648314455        202        201      23127      12402
1648314465        292        290      27738      16125
1648314475        180        180      21743      12146
1648314486      65904      65938    6501005    4889835
1648314499      63163      63157    6127381    4509231
1648314516      69560      69564    6745709    4963908
1648314533      67745      67744    6576863    4839165
1648314549      63571      63565    6148527    4526547
1648314564      62181      62180    6009888    4422817
1648314577      49206      49222    4762897    3500249
1648314592       9726       9712     956447     687799
1648314606        639        639      88725      43440
1648314621        736        736      93550      47426
1648314636        638        639      89610      43319
1648314651        747        745      94650      47566
1648314666        775        775      94474      47936
1648314681        629        629      88922      43157
1648314692        740        741      92930      47532
1648314703        635        635      88913      43237
1648314713        737        738      92857      47449
1648314724        631        633      87765      43239
1648314734        648        648      88568      43566
1648314744        735        733      93162      47237
1648314755        648        648      88477      43625
1648314765        759        758      93412      47532
1648314775        634        635      87247      43405
1648314785        622        622      87507      43048
1648314796        725        726      91441      47289
1648314806        628        629      87472      43171
1648314816        727        727      92412      47308
1648314826        681        687      89986      73245
1648314837        987       1064      98083     134842
1648314847        569        570      67885      36738
1648314857        434        435      58183      29433
1648314867        538        538      58974      33148
1648314877        391        391      54271      26161
1648314888        368        371      50814      25700
1648314898        482        480      53117      29949
1648314908        267        269      36413      18308
1648314918        374        374      41415      22429
1648314928        275        276      36585      18685
1648314939        380        382      41215      22378
1648314949        274        272      37321      18204
1648314959        333        325      39169      19142
1648314969        383        382      40658      22351
1648314979        275        274      35726      18398
1648314989        548        546      39142      34472
1648315000        141        141      14986       9357
