      time tx_packets rx_packets        tx_bytes        rx_bytes  tx_errors tx_dropped rx_frame_errors rx_crc_errors
1648314292          0         55               0            3582          0          0          0          0
1648314302          1        184              42           11304          0          0          0          0
1648314312          0        202               0           12180          0          0          0          0
1648314323          0        172               0           11352          0          0          0          0
1648314333          0        302               0           18384          0          0          0          0
1648314343          0        421               0           25824          0          0          0          0
1648314353          0        716               0           43752          0          0          0          0
1648314363          0        207               0           12702          0          0          0          0
1648314373        135        444           14399          378568          0          0          0          0
1648314384          0        367               0           22812          0          0          0          0
1648314394         13        664            1467           41331          0          0          0          0
1648314404          3        220             206           13244          0          0          0          0
1648314414          0        274               0           17796          0          0          0          0
1648314424         69        174           15898           10830          0          0          0          0
1648314434          0        663               0           40326          0          0          0          0
1648314445         14        158            2583           10374          0          0          0          0
1648314455          6        903            1107           54216          0          0          0          0
1648314465         12        245            2214           15600          0          0          0          0
1648314475         25        213            4470           13452          0          0          0          0
1648314486         28        831            4895           50592          0          0          0          0
1648314499         23        649            3324           39890          0          0          0          0
1648314514         17        358            2496           22158          0          0          0          0
1648314532          5       1060             509           64698          0          0          0          0
1648314549          0        390               0           23682          0          0          0          0
1648314566          2        478             213           30048          0          0          0          0
1648314580          6        859             510           52392          0          0          0          0
1648314593         41       1399           40329           85313          0          0          0          0
1648314608          2       3744             211          225210          0          0          0          0
1648314623         16        209            1704           13428          0          0          0          0
1648314638         17        687            1746           42204          0          0          0          0
1648314653          6        827             639           50808          0          0          0          0
1648314668         12        339            1278           20556          0          0          0          0
1648314682         27        544            2717           33964          0          0          0          0
1648314697         11        829            1170           50142          0          0          0          0
1648314712         18        412            1974           26940          0          0          0          0
1648314727          2        425             232           25260          0          0          0          0
1648314742          8        775             828           47094          0          0          0          0
1648314753          2        813             232           49356          0          0          0          0
1648314764          6        420             696           26028          0          0          0          0
1648314774          2        199             232           12516          0          0          0          0
1648314784          7        859             738           51840          0          0          0          0
1648314794         14        614            1506           37904          0          0          0          0
1648314805          8        192             828           11928          0          0          0          0
1648314815          0        340               0           20604          0          0          0          0
1648314825          6        904             696           55368          0          0          0          0
1648314835          9        374             950           22488          0          0          0          0
1648314846          2        252             232           16224          0          0          0          0
1648314856          0        372               0           22584          0          0          0          0
1648314866          6        159             686            9858          0          0          0          0
1648314876          0        310               0           19410          0          0          0          0
1648314887         40       1280           40485           77715          0          0          0          0
1648314897          0        917               0           55584          0          0          0          0
1648314907          8        233             908           14820          0          0          0          0
1648314917          4        234             454           14628          0          0          0          0
1648314927          0        193               0           11580          0          0          0          0
1648314937          0        657               0           40212          0          0          0          0
1648314948          0        326               0           20124          0          0          0          0
1648314958          0        571               0           34260          0          0          0          0
1648314968          0        202               0           13476          0          0          0          0
1648314978          0        239               0           14340          0          0          0          0
