      time tx_packets rx_packets        tx_bytes        rx_bytes  tx_errors tx_dropped rx_frame_errors rx_crc_errors
1648314323          0         18               0            1080          0          0          0          0
1648314333          1        304              42           18504          0          0          0          0
1648314343          0        421               0           25824          0          0          0          0
1648314353          0        715               0           43692          0          0          0          0
1648314363          0        207               0           12702          0          0          0          0
1648314373         98        448           11984          378844          0          0          0          0
1648314384          0        367               0           22812          0          0          0          0
1648314394          6        654             578           40010          0          0          0          0
1648314404          1        219              42           13140          0          0          0          0
1648314414          0        273               0           17736          0          0          0          0
1648314424         67        172           15766           10710          0          0          0          0
1648314434          0        664               0           40386          0          0          0          0
1648314445         15        163            2673           10704          0          0          0          0
1648314455         14        912            2583           54804          0          0          0          0
1648314465          7        238            1149           15144          0          0          0          0
1648314475         20        208            3690           13128          0          0          0          0
1648314486         20        821            3690           49944          0          0          0          0
1648314498         27        639            4026           39024          0          0          0          0
1648314511         20        247            2959           15816          0          0          0          0
1648314529          9       1087             976           66060          0          0          0          0
1648314547          0        472               0           28884          0          0          0          0
1648314564          0        486               0           30516          0          0          0          0
1648314579          0        347               0           21102          0          0          0          0
1648314592         45       1905           40700          116219          0          0          0          0
1648314607         10       3694             933          222246          0          0          0          0
1648314622         12        265            1278           16764          0          0          0          0
1648314636         17        672            1746           40980          0          0          0          0
1648314651         15        476            1569           30404          0          0          0          0
1648314666         11        701            1151           41820          0          0          0          0
1648314681         13        530            1339           33168          0          0          0          0
1648314696         20        817            2081           49496          0          0          0          0
1648314711          9        415             894           25980          0          0          0          0
1648314726         10        452            1092           28040          0          0          0          0
1648314740          4        745             464           45252          0          0          0          0
1648314750          5        334             506           20628          0          0          0          0
1648314761          8        831             928           50700          0          0          0          0
1648314771          0        268               0           16362          0          0          0          0
1648314781          8        335             928           20430          0          0          0          0
1648314791          9       1121             852           68270          0          0          0          0
1648314802          4        199             464           12528          0          0          0          0
1648314812          2        221             232           13272          0          0          0          0
1648314822         10        484            1048           30470          0          0          0          0
1648314833          3        801             318           48090          0          0          0          0
1648314843          8        331             918           20454          0          0          0          0
1648314853          0        185               0           11910          0          0          0          0
1648314863          4        380             454           22824          0          0          0          0
1648314874          5        277             496           17472          0          0          0          0
1648314884          8       1146             908           69336          0          0          0          0
1648314894         35       1032           39789           63105          0          0          0          0
1648314904          4        278             454           17232          0          0          0          0
1648314914          6        244             538           15210          0          0          0          0
1648314924          0        196               0           12042          0          0          0          0
1648314935          0        354               0           21768          0          0          0          0
1648314945          0        582               0           35748          0          0          0          0
1648314955          0        602               0           36120          0          0          0          0
1648314965          0        227               0           14976          0          0          0          0
1648314975          1        227              78           13706          0          0          0          0
1648314985          9        622             814           37422          0          0          0          0
1648314996         14        507            1509           32703          0          0          0          0
1648315006          1        261              42           15660          0          0          0          0
