      time tx_packets rx_packets        tx_bytes        rx_bytes  tx_errors tx_dropped rx_frame_errors rx_crc_errors
1648314345          0        159               0            9660          0          0          0          0
1648314355          1        570              42           34872          0          0          0          0
1648314365        180        419           42885           85054          0          0          0          0
1648314375       2101        963         2896651          398314          0          0          0          0
1648314386          0        619               0           37668          0          0          0          0
1648314396          7        363             620           22550          0          0          0          0
1648314406          0        207               0           12684          0          0          0          0
1648314416        185        418           29234           44024          0          0          0          0
1648314426        909        984          145066          138156          0          0          0          0
1648314437          0        666               0           41052          0          0          0          0
1648314447        238        385           30639           37962          0          0          0          0
1648314458        225       1138           28809           82119          0          0          0          0
1648314468        210        398           26229           37524          0          0          0          0
1648314478        422        636           54396           64353          0          0          0          0
1648314489        420       1530           50775          115065          0          0          0          0
1648314502        375        659           41256           57241          0          0          0          0
1648314521        275        863           27561           62841          0          0          0          0
1648314540          4        992             345           60717          0          0          0          0
1648314559          5        573             387           35841          0          0          0          0
1648314577         14        367            1119           22335          0          0          0          0
1648314591         50       1847           41379          113318          0          0          0          0
1648314606        106       3892            8483          236505          0          0          0          0
1648314621        160        423           13623           30387          0          0          0          0
1648314637        188        852           16836           56187          0          0          0          0
1648314652        165        949           13794           62403          0          0          0          0
1648314667        218        587           19124           41228          0          0          0          0
1648314682        319        831           27478           58398          0          0          0          0
1648314697        354       1155           31288           78200          0          0          0          0
1648314713        245        770           21629           53395          0          0          0          0
1648314728         59        418            5303           29385          0          0          0          0
1648314743         97        803            8830           49612          0          0          0          0
1648314754         57        867            5090           54208          0          0          0          0
1648314764         94        520            8656           34644          0          0          0          0
1648314775         64        248            5776           17316          0          0          0          0
1648314785         81        928            7274           58312          0          0          0          0
1648314795         71        690            6644           44200          0          0          0          0
1648314806        115        286           10418           20814          0          0          0          0
1648314816         47        386            4230           24688          0          0          0          0
1648314826         62        963            5534           60722          0          0          0          0
1648314836         62        445            5624           28440          0          0          0          0
1648314847         44        281            3936           19184          0          0          0          0
1648314857         55        412            4976           26578          0          0          0          0
1648314867         60        223            5362           15360          0          0          0          0
1648314877         74        379            6556           25966          0          0          0          0
1648314888        131       1373           48526           85575          0          0          0          0
1648314898         45       1011            4196           62358          0          0          0          0
1648314908         74        310            6694           21474          0          0          0          0
1648314918         80        264            7084           18570          0          0          0          0
1648314928         38        227            3410           14596          0          0          0          0
1648314939         13        662            1214           41056          0          0          0          0
1648314949          0        345               0           20982          0          0          0          0
1648314959         10        583             850           35512          0          0          0          0
1648314969          2        184              84           12132          0          0          0          0
1648314979          1        271              90           16290          0          0          0          0
1648314990         78        687            6424           44164          0          0          0          0
1648315000          7        543             620           33314          0          0          0          0
1648315010          0        182               0           11202          0          0          0          0
1648315020          0        339               0           20886          0          0          0          0
1648315030          0        733               0           44508          0          0          0          0
1648315040          1        237              90           14814          0          0          0          0
1648315051          0        334               0           20568          0          0          0          0
1648315061          0        828               0           50508          0          0          0          0
1648315071          0        320               0           19200          0          0          0          0
1648315081          0        327               0           20208          0          0          0          0
