      time tx_packets rx_packets        tx_bytes        rx_bytes  tx_errors tx_dropped rx_frame_errors rx_crc_errors
1648314330          0         19               0            1140          0          0          0          0
1648314340          1        602              42           36684          0          0          0          0
1648314350          0        337               0           20748          0          0          0          0
1648314360          0        563               0           34044          0          0          0          0
1648314370         99        436           12026          378376          0          0          0          0
1648314381          0        360               0           22128          0          0          0          0
1648314391          6        594             578           36674          0          0          0          0
1648314401          1        310              42           18600          0          0          0          0
1648314411          0        115               0            7974          0          0          0          0
1648314421         69        336           15922           20838          0          0          0          0
1648314431          1        642              42           38520          0          0          0          0
1648314442         14        180            2583           12240          0          0          0          0
1648314452          0        734               0           44040          0          0          0          0
1648314463         15        424            2625           26352          0          0          0          0
1648314473         22        163            3854           10472          0          0          0          0
1648314483         16        854            2952           51618          0          0          0          0
1648314495         28        618            4624           37794          0          0          0          0
1648314507         27        204            4026           13206          0          0          0          0
1648314525          8       1124             934           68298          0          0          0          0
1648314543          0        456               0           28188          0          0          0          0
1648314561          0        537               0           33576          0          0          0          0
1648314578          0        350               0           21000          0          0          0          0
1648314591         41       1919           40078          117323          0          0          0          0
1648314606          5       3691             467          222042          0          0          0          0
1648314621          9        268             894           16920          0          0          0          0
1648314636         10        660            1065           40224          0          0          0          0
1648314651          3        460             291           28772          0          0          0          0
1648314666         14        702            1357           42464          0          0          0          0
1648314680         16        506            1704           31812          0          0          0          0
1648314695         24        844            2556           50904          0          0          0          0
1648314710         23        428            2404           27168          0          0          0          0
1648314725         10        454            1141           27744          0          0          0          0
1648314740          0        752               0           45972          0          0          0          0
1648314753          3        861             274           52176          0          0          0          0
1648314764          4        422             464           26136          0          0          0          0
1648314774          4        200             445           12588          0          0          0          0
1648314784          8        859             909           51852          0          0          0          0
1648314795         11        628            1084           38720          0          0          0          0
1648314805         11        180            1202           11142          0          0          0          0
1648314815          6        347             696           21120          0          0          0          0
1648314825          7        905             774           55454          0          0          0          0
1648314836          1        364              86           21918          0          0          0          0
1648314846          9        258             960           16560          0          0          0          0
1648314856          8        380             908           23112          0          0          0          0
1648314866          4        157             454            9726          0          0          0          0
1648314876          4        313             296           19664          0          0          0          0
1648314887         35       1274           39792           77325          0          0          0          0
1648314897          3        921             274           55836          0          0          0          0
1648314907          4        228             454           14496          0          0          0          0
1648314917          5        236             496           14748          0          0          0          0
1648314927          2        196             164           11804          0          0          0          0
1648314938          0        656               0           40152          0          0          0          0
1648314948          5        330             496           20388          0          0          0          0
1648314958          0        572               0           34320          0          0          0          0
1648314968          0        201               0           13416          0          0          0          0
1648314978          0        246               0           14760          0          0          0          0
1648314988          8        641             704           39426          0          0          0          0
1648314999          7        485             620           29834          0          0          0          0
1648315009          0        233               0           13980          0          0          0          0
1648315019          0        351               0           21888          0          0          0          0
1648315029          1        691              90           42018          0          0          0          0
