      time tx_packets rx_packets        tx_bytes        rx_bytes  tx_errors tx_dropped rx_frame_errors rx_crc_errors
1648314300          0         11               0             660          0          0          0          0
1648314310          1        190              42           11400          0          0          0          0
1648314320          0        146               0            9852          0          0          0          0
1648314330          0        167               0           10284          0          0          0          0
1648314340          0        595               0           36264          0          0          0          0
1648314350          0        338               0           20808          0          0          0          0
1648314361          1        566              78           34250          0          0          0          0
1648314371       2312       1108         2941602          466604          0          0          0          0
1648314381          0        378               0           23208          0          0          0          0
1648314391          6        573             578           35414          0          0          0          0
1648314401          2        308             120           18506          0          0          0          0
1648314411          1        122              86            8412          0          0          0          0
1648314422       1021       1288          169554          174578          0          0          0          0
1648314432          5        659             290           39584          0          0          0          0
1648314442        238        384           30639           39066          0          0          0          0
1648314453          1        733              90           44010          0          0          0          0
1648314463        288        682           36105           58964          0          0          0          0
1648314473        358        486           45934           51497          0          0          0          0
1648314484        383       1202           48177           95372          0          0          0          0
1648314496        449       1065           49095           84898          0          0          0          0
1648314508        241        453           29460           41114          0          0          0          0
1648314525        210       1256           19993           82278          0          0          0          0
1648314543         22        471            1809           29613          0          0          0          0
1648314560         12        536             987           33738          0          0          0          0
1648314575         24        294            2005           18160          0          0          0          0
1648314589         59       1415           41203           87426          0          0          0          0
1648314604        120       4393           10448          267592          0          0          0          0
1648314619        162        410           13869           29689          0          0          0          0
1648314635        247        613           21766           42882          0          0          0          0
1648314650        171        928           15271           60964          0          0          0          0
1648314665        194        899           16800           59254          0          0          0          0
1648314680        285        690           24946           55195          0          0          0          0
1648314695        347       1238           29688           77465          0          0          0          0
1648314710        214        622           18688           44106          0          0          0          0
1648314721         48        401            4320           25269          0          0          0          0
1648314732         64        770            5745           49383          0          0          0          0
1648314742         50        225            4548           14734          0          0          0          0
1648314752         52        827            4716           51616          0          0          0          0
1648314763         54        498            4848           32216          0          0          0          0
1648314773         96        290            8740           20616          0          0          0          0
1648314783        118        963           10812           61328          0          0          0          0
1648314794         74        676            6632           43388          0          0          0          0
1648314804        116        304           10460           22236          0          0          0          0
1648314814         74        413            6636           27216          0          0          0          0
1648314824         56        949            5018           59626          0          0          0          0
1648314835         52        340            4674           21890          0          0          0          0
1648314845         51        360            4484           23824          0          0          0          0
1648314855         49        422            4470           27206          0          0          0          0
1648314865         74        246            6918           16450          0          0          0          0
1648314875         85        355            7586           24896          0          0          0          0
1648314886        116       1383           46471           86143          0          0          0          0
1648314896        106       1045            9554           66294          0          0          0          0
1648314906         30        247            2530           16124          0          0          0          0
1648314916         48        283            4296           19078          0          0          0          0
1648314926         26        216            2282           13692          0          0          0          0
1648314937         17        675            1478           41768          0          0          0          0
1648314947          1        329              42           20304          0          0          0          0
1648314957          0        556               0           33360          0          0          0          0
1648314967          4        224             328           14884          0          0          0          0
1648314977          2        237             168           14276          0          0          0          0
1648314988         81        714            6618           45268          0          0          0          0
