      time tx_packets rx_packets        tx_bytes        rx_bytes  tx_errors tx_dropped rx_frame_errors rx_crc_errors
1648314305          0         15               0             900          0          0          0          0
1648314315          1        212              42           13002          0          0          0          0
1648314325          0        161               0           10734          0          0          0          0
1648314335          0        316               0           19020          0          0          0          0
1648314345          1        561              42           34164          0          0          0          0
1648314355          0        564               0           34632          0          0          0          0
1648314366        406        566          263931           95584          0          0          0          0
1648314376       1915        781         2678243          385616          0          0          0          0
1648314386          0        645               0           39390          0          0          0          0
1648314396          8        342             710           21038          0          0          0          0
1648314406          0        205               0           12564          0          0          0          0
1648314417        451        609           72326           73660          0          0          0          0
1648314427        690        796          105076          108694          0          0          0          0
1648314437          0        664               0           40932          0          0          0          0
1648314447        238        386           30639           38070          0          0          0          0
1648314458        238       1151           30639           83694          0          0          0          0
1648314468        188        380           23772           35699          0          0          0          0
1648314479        421        639           53210           64260          0          0          0          0
1648314489        486       1638           56416          123441          0          0          0          0
1648314501        228        445           27100           39484          0          0          0          0
1648314513        288        486           30900           41279          0          0          0          0
1648314532         71       1237            6603           77364          0          0          0          0
1648314549         12        394            1035           23955          0          0          0          0
1648314565          8        484             690           30606          0          0          0          0
1648314581         62        929            5115           57864          0          0          0          0
1648314593         67       1416           42613           86957          0          0          0          0
1648314609         62       3808            5339          230592          0          0          0          0
1648314624        215        407           18654           30474          0          0          0          0
1648314639        274        953           23710           64756          0          0          0          0
1648314654        169        998           14732           65198          0          0          0          0
1648314669        173        494           15039           34317          0          0          0          0
1648314684        362        876           31490           62702          0          0          0          0
1648314699        183        999           16178           65210          0          0          0          0
1648314714        252        779           22296           53774          0          0          0          0
1648314730        107        904            9800           58370          0          0          0          0
1648314742         71        294            6366           19800          0          0          0          0
1648314752         71        846            6543           53325          0          0          0          0
1648314763         60        504            5412           32780          0          0          0          0
1648314773        101        296            9290           21354          0          0          0          0
1648314783         36        884            3276           54156          0          0          0          0
1648314794         97        700            9153           46101          0          0          0          0
1648314804         98        285            8724           20416          0          0          0          0
1648314814         72        412            6604           27004          0          0          0          0
1648314825         48        943            4380           59072          0          0          0          0
1648314835         51        415            4860           26220          0          0          0          0
1648314845         71        300            6422           20908          0          0          0          0
1648314855         46        418            4148           26842          0          0          0          0
1648314865        130        307           11416           22204          0          0          0          0
1648314876         94        398            8594           27576          0          0          0          0
1648314886        101       1333           46163           82809          0          0          0          0
1648314896         72       1009            6472           63256          0          0          0          0
1648314906         22        239            1974           15368          0          0          0          0
1648314916         31        266            2734           17526          0          0          0          0
1648314927         18        211            1520           13136          0          0          0          0
1648314937         12        671            1172           41314          0          0          0          0
1648314947          1        326              42           20124          0          0          0          0
1648314957          0        557               0           33420          0          0          0          0
1648314967          0        219               0           14496          0          0          0          0
1648314978          0        235               0           14100          0          0          0          0
1648314988         79        717            6466           45424          0          0          0          0
