      time tx_packets rx_packets        tx_bytes        rx_bytes  tx_errors tx_dropped rx_frame_errors rx_crc_errors
1648314299          0          9               0             540          0          0          0          0
1648314310          2        189             164           11384          0          0          0          0
1648314320          2        150             164            9872          0          0          0          0
1648314330          0        161               0           10188          0          0          0          0
1648314340          0        602               0           36684          0          0          0          0
1648314350          0        337               0           20748          0          0          0          0
1648314360          0        563               0           34044          0          0          0          0
1648314370         98        436           11960          378376          0          0          0          0
1648314381          0        377               0           23148          0          0          0          0
1648314391          6        575             578           35534          0          0          0          0
1648314401          1        311              42           18660          0          0          0          0
1648314411          0        114               0            7914          0          0          0          0
1648314421         62        332           15460           20574          0          0          0          0
1648314431          3        644             206           38684          0          0          0          0
1648314442         14        181            2583           12300          0          0          0          0
1648314452          1        735              42           44100          0          0          0          0
1648314463         15        425            2661           26438          0          0          0          0
1648314473         20        159            3449           10194          0          0          0          0
1648314484         26        865            4797           52338          0          0          0          0
1648314497         31        668            4493           41070          0          0          0          0
1648314510         20        248            3009           15892          0          0          0          0
1648314528          9       1060             976           64440          0          0          0          0
1648314546          1        475              90           29094          0          0          0          0
1648314564          0        516               0           32316          0          0          0          0
1648314581          2        881             164           53732          0          0          0          0
1648314593         48       1393           40698           85662          0          0          0          0
1648314608          9       3749             812          225564          0          0          0          0
1648314623         15        213            1533           13656          0          0          0          0
1648314637         25        688            2598           41988          0          0          0          0
1648314652          8        830             803           51236          0          0          0          0
1648314667          5        338             468           20568          0          0          0          0
1648314682         23        538            2384           33566          0          0          0          0
1648314697         21        820            2142           49616          0          0          0          0
1648314712         13        408            1358           25644          0          0          0          0
1648314727          4        442             377           27464          0          0          0          0
1648314742          9        775             970           47016          0          0          0          0
1648314752          4        782             464           47508          0          0          0          0
1648314763          0        449               0           27732          0          0          0          0
1648314773          9        202             970           12732          0          0          0          0
1648314784          4        851             464           51084          0          0          0          0
1648314794         10        613            1042           38084          0          0          0          0
1648314804          5        189             506           11646          0          0          0          0
1648314814          7        350             738           21300          0          0          0          0
1648314825          4        898             464           54996          0          0          0          0
1648314835          3        368             274           22092          0          0          0          0
1648314845          6        237             596           15366          0          0          0          0
1648314855          0        375               0           22764          0          0          0          0
1648314866          3        174             274           10452          0          0          0          0
1648314876          4        313             454           19896          0          0          0          0
1648314886         49       1292           40953           78495          0          0          0          0
1648314896          0        922               0           55884          0          0          0          0
1648314907          8        228             908           14520          0          0          0          0
1648314917          4        236             454           14748          0          0          0          0
1648314927          2        192             120           11546          0          0          0          0
1648314937          1        664              86           40650          0          0          0          0
1648314947          0        325               0           20064          0          0          0          0
1648314957          0        562               0           33780          0          0          0          0
1648314968          0        214               0           14136          0          0          0          0
1648314978          1        234              78           14066          0          0          0          0
1648314988         10        649             856           39666          0          0          0          0
