      time tx_packets rx_packets        tx_bytes        rx_bytes  tx_errors tx_dropped rx_frame_errors rx_crc_errors
1648314364          0         15               0            1182          0          0          0          0
1648314374        102        472           12268          379996          0          0          0          0
1648314384          2        345             120           21518          0          0          0          0
1648314394          9        660             784           40414          0          0          0          0
1648314404          1        215              86           13182          0          0          0          0
1648314415          0        274               0           17532          0          0          0          0
1648314425         74        178           16272           11164          0          0          0          0
1648314435          3        664             194           40410          0          0          0          0
1648314445         14        169            2583           11034          0          0          0          0
1648314456          5        903             816           54230          0          0          0          0
1648314466         17        250            2789           16220          0          0          0          0
1648314476         29        211            5047           13142          0          0          0          0
1648314486         22        828            4059           50376          0          0          0          0
1648314498         27        636            3530           39128          0          0          0          0
1648314513         24        370            3374           22914          0          0          0          0
1648314531          0       1052               0           64194          0          0          0          0
1648314549          0        405               0           24582          0          0          0          0
1648314567          4        480             240           30168          0          0          0          0
1648314582          0       1279               0           77568          0          0          0          0
1648314594         43        966           40133           59367          0          0          0          0
1648314609         11       3755            1065          226206          0          0          0          0
1648314624          6        196             639           12324          0          0          0          0
1648314639         10        690            1065           42348          0          0          0          0
1648314654         10        843             972           51746          0          0          0          0
1648314668         12        328            1229           19988          0          0          0          0
1648314683         29        537            2926           33544          0          0          0          0
1648314698         21        841            2235           51204          0          0          0          0
1648314713         20        549            2100           33842          0          0          0          0
1648314728          7        295             670           18656          0          0          0          0
1648314743          3        768             242           46618          0          0          0          0
1648314757         10       1047            1024           63772          0          0          0          0
1648314768          6        277             592           17190          0          0          0          0
1648314778          9        231            1006           14498          0          0          0          0
1648314789          6       1073             628           64976          0          0          0          0
1648314799         11        369            1128           23216          0          0          0          0
1648314809         10        236            1048           14234          0          0          0          0
1648314819          7        487             630           30428          0          0          0          0
1648314830          8        747             808           45198          0          0          0          0
1648314840          8        359             918           21588          0          0          0          0
1648314850          0        222               0           14676          0          0          0          0
1648314860          2        359             232           21552          0          0          0          0
1648314871          5        238             496           14868          0          0          0          0
1648314881          6        777             618           47480          0          0          0          0
1648314891         38       1408           39831           85421          0          0          0          0
1648314901         10        321            1072           19898          0          0          0          0
1648314912          3        233             170           14526          0          0          0          0
1648314922          6        216             618           13592          0          0          0          0
1648314932          1        335              78           20390          0          0          0          0
1648314942          7        473             660           29540          0          0          0          0
1648314952          3        695             242           41890          0          0          0          0
1648314962          6        273             484           17296          0          0          0          0
1648314973         12        178            1000           11388          0          0          0          0
1648314983         12        403            1056           24412          0          0          0          0
1648314993          9        775             776           47850          0          0          0          0
1648315003          6        258             500           15868          0          0          0          0
1648315013          4        352             320           21780          0          0          0          0
1648315023          4        193             336           12452          0          0          0          0
1648315034          1        777              90           46650          0          0          0          0
1648315044          4        168             328           10732          0          0          0          0
1648315054          3        822             242           50182          0          0          0          0
1648315064          5        422             406           25998          0          0          0          0
1648315074          2        279             172           16776          0          0          0          0
1648315084          0        827               0           50976          0          0          0          0
1648315094          6        543             578           32966          0          0          0          0
1648315105          2        207             132           12270          0          0          0          0
1648315115          2        441             164           27860          0          0          0          0
1648315125          1        952              78           57146          0          0          0          0
1648315135          1        330              86           20646          0          0          0          0
1648315145          4        216             328           13576          0          0          0          0
1648315155          4        389             328           23710          0          0          0          0
1648315165          1        180              90           11376          0          0          0          0
