      time tx_packets rx_packets        tx_bytes        rx_bytes  tx_errors tx_dropped rx_frame_errors rx_crc_errors
1648314357          0         13               0             840          0          0          0          0
1648314367       2284       1148         2939756          468822          0          0          0          0
1648314378          2        196              84           12024          0          0          0          0
1648314388          0        650               0           39810          0          0          0          0
1648314398          6        347             578           21308          0          0          0          0
1648314408          0        191               0           11988          0          0          0          0
1648314418        963       1206          151590          158312          0          0          0          0
1648314428        135        739           22974           56508          0          0          0          0
1648314439        104        289           13026           25218          0          0          0          0
1648314449        139        421           17823           33414          0          0          0          0
1648314460        240       1017           30723           75876          0          0          0          0
1648314470        282        496           35295           48834          0          0          0          0
1648314481        423        711           54201           68175          0          0          0          0
1648314491        485       1531           54679          115028          0          0          0          0
1648314503        205        385           24860           34683          0          0          0          0
1648314520        289        849           29073           61838          0          0          0          0
1648314538          5        989             387           60861          0          0          0          0
1648314556         10        506             774           31320          0          0          0          0
1648314572          2        291             213           18018          0          0          0          0
1648314588         58       1449           41691           89361          0          0          0          0
1648314603         84       4394            7200          265975          0          0          0          0
1648314618         95        344            8013           24096          0          0          0          0
1648314633        254        607           22206           43410          0          0          0          0
1648314648        127        886           10800           56655          0          0          0          0
1648314664        167        862           14256           56322          0          0          0          0
1648314679        282        642           24305           47053          0          0          0          0
1648314694        409       1336           35904           90014          0          0          0          0
1648314709        297        701           25984           50878          0          0          0          0
1648314720         73        419            6413           27086          0          0          0          0
1648314730         48        748            4320           47348          0          0          0          0
1648314741         69        250            6215           17048          0          0          0          0
1648314751         65        852            5866           53668          0          0          0          0
1648314761         57        422            5138           27848          0          0          0          0
1648314772         62        335            5300           22006          0          0          0          0
1648314782         97        445            8978           29938          0          0          0          0
1648314792         87       1181            7952           73946          0          0          0          0
1648314802        129        321           11694           23468          0          0          0          0
1648314813         59        279            5322           18376          0          0          0          0
1648314823         85       1041            7660           66076          0          0          0          0
1648314833         48        385            4310           24466          0          0          0          0
1648314844         72        386            6474           25796          0          0          0          0
1648314854         57        427            5050           28014          0          0          0          0
1648314864         13        192            1124           11882          0          0          0          0
1648314874         80        354            7194           24418          0          0          0          0
1648314885         58       1190            5082           73238          0          0          0          0
1648314895        120       1126           47452           71169          0          0          0          0
1648314905        100        383            8974           26174          0          0          0          0
1648314915         49        278            4350           18654          0          0          0          0
1648314925         50        244            4582           16160          0          0          0          0
1648314936         27        687            2280           42726          0          0          0          0
1648314946          1        336              42           20724          0          0          0          0
1648314956          0        552               0           33120          0          0          0          0
1648314966          0        218               0           14436          0          0          0          0
1648314976          0        231               0           13860          0          0          0          0
1648314987         78        708            6400           44992          0          0          0          0
1648314997          7        478             620           29840          0          0          0          0
1648315007          0        254               0           15240          0          0          0          0
1648315017          0        339               0           20904          0          0          0          0
1648315027          0        209               0           13332          0          0          0          0
1648315037          0        748               0           45444          0          0          0          0
1648315047          0        163               0           10044          0          0          0          0
1648315058          0        999               0           60468          0          0          0          0
1648315068          2        298             164           18488          0          0          0          0
1648315078          0        241               0           14724          0          0          0          0
1648315088          0       1055               0           64392          0          0          0          0
1648315098          7        343             620           20786          0          0          0          0
1648315108          0        248               0           15972          0          0          0          0
1648315118         22        464            3931           31134          0          0          0          0
