      time tx_packets rx_packets        tx_bytes        rx_bytes  tx_errors tx_dropped rx_frame_errors rx_crc_errors
1648314360          0         36               0            2160          0          0          0          0
1648314370         92        438           11516          378496          0          0          0          0
1648314381          0        377               0           23148          0          0          0          0
1648314391          6        576             578           35594          0          0          0          0
1648314401          1        310              42           18600          0          0          0          0
1648314411          0        114               0            7914          0          0          0          0
1648314421         65        334           15634           20700          0          0          0          0
1648314431          1        643              42           38580          0          0          0          0
1648314442         14        180            2583           12240          0          0          0          0
1648314452          2        732             369           43932          0          0          0          0
1648314462         15        347            2625           21468          0          0          0          0
1648314472         26        233            4797           14928          0          0          0          0
1648314482         23        839            4125           50760          0          0          0          0
1648314496         34        696            4904           42762          0          0          0          0
1648314512         16        274            2139           17364          0          0          0          0
1648314530          0       1085               0           65892          0          0          0          0
1648314548          4        472             240           28896          0          0          0          0
1648314566          0        487               0           30576          0          0          0          0
1648314582          0       1290               0           78228          0          0          0          0
1648314595         41        980           40332           60179          0          0          0          0
1648314609          2       3741             211          225294          0          0          0          0
1648314624         13        202            1320           12720          0          0          0          0
1648314639         18        700            1917           42936          0          0          0          0
1648314654          4        828             426           50796          0          0          0          0
1648314668         14        333            1410           20346          0          0          0          0
1648314683         18        525            1917           32760          0          0          0          0
1648314698         19        842            1959           51174          0          0          0          0
1648314713         14        542            1491           33414          0          0          0          0
1648314728          6        418             577           26922          0          0          0          0
1648314743          6        648             696           38424          0          0          0          0
1648314758          4       1046             464           63936          0          0          0          0
1648314772          9        344             970           21174          0          0          0          0
1648314782          4        343             464           20886          0          0          0          0
1648314792         14       1117            1406           68084          0          0          0          0
1648314802          7        199             738           12540          0          0          0          0
1648314813          6        226             696           13596          0          0          0          0
1648314823          2        960             232           58968          0          0          0          0
1648314833          1        338              42           20280          0          0          0          0
1648314843          0        311               0           19206          0          0          0          0
1648314854          6        380             696           23646          0          0          0          0
1648314864          7        185             728           11136          0          0          0          0
1648314874          2        272             232           17160          0          0          0          0
1648314884         12       1150            1362           69600          0          0          0          0
1648314895         35       1035           39893           63297          0          0          0          0
1648314905          3        289             274           17880          0          0          0          0
1648314915          4        232             454           14490          0          0          0          0
1648314925          5        198             532           12212          0          0          0          0
1648314935          7        450             668           27630          0          0          0          0
1648314946          0        511               0           31428          0          0          0          0
1648314956          0        589               0           35340          0          0          0          0
1648314966          0        223               0           14736          0          0          0          0
1648314976          0        231               0           13860          0          0          0          0
1648314986          8        638             728           38706          0          0          0          0
1648314996          8        479             662           30026          0          0          0          0
1648315007          0        258               0           15480          0          0          0          0
1648315017          0        333               0           20544          0          0          0          0
1648315027          1        211              42           13452          0          0          0          0
1648315037          0        749               0           45504          0          0          0          0
1648315047          0        164               0           10104          0          0          0          0
1648315057          0        996               0           60288          0          0          0          0
1648315067          0        299               0           18504          0          0          0          0
1648315078          0        243               0           14844          0          0          0          0
1648315088          0       1055               0           64392          0          0          0          0
1648315098          7        339             620           20546          0          0          0          0
1648315108          0        249               0           16032          0          0          0          0
1648315118          0        442               0           26784          0          0          0          0
1648315128          2        891             164           53504          0          0          0          0
1648315139          0        326               0           20652          0          0          0          0
