      time tx_packets rx_packets        tx_bytes        rx_bytes  tx_errors tx_dropped rx_frame_errors rx_crc_errors
1648314323          0         18               0            1080          0          0          0          0
1648314333          1        304              42           18504          0          0          0          0
1648314343          0        421               0           25824          0          0          0          0
1648314353          0        715               0           43692          0          0          0          0
1648314363          0        207               0           12702          0          0          0          0
1648314373         91        446           11522          378694          0          0          0          0
1648314384          0        367               0           22812          0          0          0          0
1648314394          6        654             578           40010          0          0          0          0
1648314404          0        218               0           13080          0          0          0          0
1648314416          0        295               0           19056          0          0          0          0
1648314426         71        179           16030           11154          0          0          0          0
1648314436          0        659               0           40368          0          0          0          0
1648314447         14        178            2583           11292          0          0          0          0
1648314457         12        935            2214           56172          0          0          0          0
1648314467         11        207            1887           13572          0          0          0          0
1648314477         25        252            4506           15554          0          0          0          0
1648314488         27       1137            4612           68958          0          0          0          0
1648314501         23        312            3288           19644          0          0          0          0
1648314516         20        373            2672           23096          0          0          0          0
1648314534          0       1066               0           65316          0          0          0          0
1648314551          0        362               0           21984          0          0          0          0
1648314568          2        489             213           30444          0          0          0          0
1648314583          3       1260             255           76704          0          0          0          0
1648314598         42       1087           40572           66323          0          0          0          0
1648314612          5       3673             467          221490          0          0          0          0
1648314627         14        186            1491           11850          0          0          0          0
1648314642         14        718            1491           43914          0          0          0          0
1648314657         11        847            1107           51828          0          0          0          0
1648314672         16        327            1723           20124          0          0          0          0
1648314687         22        855            2343           52260          0          0          0          0
1648314702         17        600            1765           37188          0          0          0          0
1648314717          8        472             890           28632          0          0          0          0
1648314732          6        813             696           50172          0          0          0          0
1648314743          3        169             274           10152          0          0          0          0
1648314753          5        802             506           48708          0          0          0          0
1648314763          5        421             542           26102          0          0          0          0
1648314774          8        202             824           12738          0          0          0          0
1648314784          2        854             232           51516          0          0          0          0
1648314794         16        615            1626           37990          0          0          0          0
1648314804          4        189             360           11652          0          0          0          0
1648314815          5        344             506           20928          0          0          0          0
1648314825          4        903             464           55296          0          0          0          0
1648314835          6        366             686           21996          0          0          0          0
1648314845          8        242             918           15660          0          0          0          0
1648314855          1        373              42           22644          0          0          0          0
1648314866          0        171               0           10260          0          0          0          0
1648314876          4        313             454           19896          0          0          0          0
1648314886         39       1278           40687           77583          0          0          0          0
1648314896          9        931             950           56472          0          0          0          0
1648314906          4        223             454           14196          0          0          0          0
1648314917          0        233               0           14544          0          0          0          0
1648314927          0        190               0           11400          0          0          0          0
1648314937          0        662               0           40512          0          0          0          0
1648314947          0        324               0           20004          0          0          0          0
1648314957          0        555               0           33300          0          0          0          0
1648314968          0        220               0           14556          0          0          0          0
1648314978          2        238             164           14324          0          0          0          0
1648314988          8        644             704           39342          0          0          0          0
1648314998         14        494            1509           31359          0          0          0          0
