      time tx_packets rx_packets        tx_bytes        rx_bytes  tx_errors tx_dropped rx_frame_errors rx_crc_errors
1648314361          0         30               0            1800          0          0          0          0
1648314371        101        430           12110          378022          0          0          0          0
1648314382          1        386              42           23952          0          0          0          0
1648314392          6        666             578           40730          0          0          0          0
1648314402          0        209               0           12540          0          0          0          0
1648314413          0        279               0           18096          0          0          0          0
1648314423         71        155           16030            9510          0          0          0          0
1648314433          1        661              66           39666          0          0          0          0
1648314443         15        159            2625           10938          0          0          0          0
1648314454          0        753               0           45180          0          0          0          0
1648314464         17        389            2994           24216          0          0          0          0
1648314474         26        193            4797           12186          0          0          0          0
1648314484         20        806            3690           48984          0          0          0          0
1648314499         37        673            4863           41318          0          0          0          0
1648314513          8        342            1476           21108          0          0          0          0
1648314532          8       1059             934           64638          0          0          0          0
1648314550          1        406              66           24648          0          0          0          0
1648314568          3        484             174           30402          0          0          0          0
1648314585          0       1315               0           79992          0          0          0          0
1648314600         42       1081           40016           65951          0          0          0          0
1648314615          4       3682             376          222446          0          0          0          0
1648314630         23        166            2385           10470          0          0          0          0
1648314645          8        864             852           52656          0          0          0          0
1648314660          9        737             845           44846          0          0          0          0
1648314675         15        336            1569           21302          0          0          0          0
1648314689         45        814            4728           49344          0          0          0          0
1648314704          8        621             871           38664          0          0          0          0
1648314719         10        448            1092           27032          0          0          0          0
1648314734          5        807             506           49740          0          0          0          0
1648314745          4        167             464           10044          0          0          0          0
1648314755          4        937             464           57072          0          0          0          0
1648314766          1        301              42           18648          0          0          0          0
1648314776          2        190             232           11916          0          0          0          0
1648314786          0        843               0           50844          0          0          0          0
1648314796         18        637            1822           39578          0          0          0          0
1648314807          4        167             464           10044          0          0          0          0
1648314817          2        414             232           25380          0          0          0          0
1648314827          6        846             696           51624          0          0          0          0
1648314838          7        382             738           22956          0          0          0          0
1648314848          8        245             908           15840          0          0          0          0
1648314858          0        359               0           21804          0          0          0          0
1648314868          4        190             454           11988          0          0          0          0
1648314878          3        303             274           18984          0          0          0          0
1648314889         42       1262           40233           76415          0          0          0          0
1648314899          5        975             540           59106          0          0          0          0
1648314909          0        236               0           14952          0          0          0          0
1648314919          4        185             454           11688          0          0          0          0
1648314929          5        188             496           11304          0          0          0          0
1648314940          0        649               0           40014          0          0          0          0
1648314950          0        348               0           21162          0          0          0          0
1648314960          1        574              78           34730          0          0          0          0
1648314970          3        189             250           12494          0          0          0          0
1648314980          0        406               0           24360          0          0          0          0
1648314990         15        641            1348           39638          0          0          0          0
1648315001          1        381              42           23388          0          0          0          0
1648315011          0        199               0           12222          0          0          0          0
1648315021          0        318               0           19890          0          0          0          0
1648315031          0        749               0           45204          0          0          0          0
1648315041          1        225              78           14090          0          0          0          0
1648315051          1        769              86           46686          0          0          0          0
1648315062          3        395             242           24598          0          0          0          0
1648315072          3        329             250           19802          0          0          0          0
1648315082          0        339               0           21414          0          0          0          0
1648315092          0        934               0           56322          0          0          0          0
1648315102          7        331             620           20066          0          0          0          0
1648315112          0        309               0           19896          0          0          0          0
1648315123          0        986               0           59160          0          0          0          0
1648315133          0        340               0           20964          0          0          0          0
1648315143          0        294               0           18432          0          0          0          0
1648315153         54        236            9166           24661          0          0          0          0
