      time tx_packets rx_packets        tx_bytes        rx_bytes  tx_errors tx_dropped rx_frame_errors rx_crc_errors
1648314307          0         16               0             960          0          0          0          0
1648314317          1        217              42           13848          0          0          0          0
1648314327          0        156               0            9888          0          0          0          0
1648314338          0        600               0           36000          0          0          0          0
1648314348          0        344               0           21468          0          0          0          0
1648314358          0        534               0           32568          0          0          0          0
1648314369         98        470           11984          380416          0          0          0          0
1648314379          0        222               0           13848          0          0          0          0
1648314389          1        624              42           38268          0          0          0          0
1648314399          7        360             620           21806          0          0          0          0
1648314409          0        173               0           10968          0          0          0          0
1648314419         67        339           15790           21510          0          0          0          0
1648314430          3        636             206           38204          0          0          0          0
1648314440         14        170            2583           11640          0          0          0          0
1648314450          0        290               0           17400          0          0          0          0
1648314461         14        807            2583           49068          0          0          0          0
1648314471         14        229            2583           14616          0          0          0          0
1648314481         23        345            4101           20832          0          0          0          0
1648314493         31       1122            4800           68354          0          0          0          0
1648314505         17        214            3038           13482          0          0          0          0
1648314523         16       1073            1868           65304          0          0          0          0
1648314540          0        480               0           29892          0          0          0          0
1648314557          0        518               0           32436          0          0          0          0
1648314572          0        241               0           14460          0          0          0          0
1648314586         35       1395           39938           85683          0          0          0          0
1648314601         12       1557            1215           95396          0          0          0          0
1648314616          7       3042             681          182232          0          0          0          0
1648314631         16        335            1655           20732          0          0          0          0
1648314645         14        728            1491           44556          0          0          0          0
1648314660         13        737            1320           44856          0          0          0          0
1648314675         12        352            1229           22298          0          0          0          0
1648314690         26        823            2769           49878          0          0          0          0
1648314705         19        601            2016           37464          0          0          0          0
1648314720          4        439             464           26364          0          0          0          0
1648314735          6        807             696           49812          0          0          0          0
1648314745          4        164             464            9864          0          0          0          0
1648314756          4        936             464           57012          0          0          0          0
1648314766          5        304             506           18792          0          0          0          0
1648314776          4        189             464           11928          0          0          0          0
1648314787          2        842             232           50796          0          0          0          0
1648314797         18        640            1973           40443          0          0          0          0
1648314807          6        167             696           10056          0          0          0          0
1648314817          3        420             274           25740          0          0          0          0
1648314828          4        844             396           51524          0          0          0          0
1648314838          0        369               0           22140          0          0          0          0
1648314848         10        252            1150           16536          0          0          0          0
1648314858          4        360             454           21624          0          0          0          0
1648314869         15        205            1636           12948          0          0          0          0
1648314879          0        298               0           18672          0          0          0          0
1648314889         43       1257           40926           76095          0          0          0          0
1648314899          0        971               0           58824          0          0          0          0
1648314909          2        237             132           15042          0          0          0          0
1648314919          0        180               0           11364          0          0          0          0
1648314930          0        189               0           11604          0          0          0          0
1648314940          0        644               0           39450          0          0          0          0
1648314950          0        349               0           21222          0          0          0          0
1648314960          0        576               0           34824          0          0          0          0
1648314970          0        184               0           12132          0          0          0          0
1648314980          1        403              78           24206          0          0          0          0
1648314991         17        644            1476           39836          0          0          0          0
