      time tx_packets rx_packets        tx_bytes        rx_bytes  tx_errors tx_dropped rx_frame_errors rx_crc_errors
1648314362          0         19               0            1422          0          0          0          0
1648314372         92        427           11588          377566          0          0          0          0
1648314382          0        386               0           23952          0          0          0          0
1648314392          8        666             742           40774          0          0          0          0
1648314402          1        210              42           12600          0          0          0          0
1648314413          0        274               0           17796          0          0          0          0
1648314423         74        191           16216           11900          0          0          0          0
1648314433          1        661              86           39678          0          0          0          0
1648314443         14        165            2583           11340          0          0          0          0
1648314453          0        749               0           44940          0          0          0          0
1648314464         17        399            2994           24864          0          0          0          0
1648314474         25        162            4289           10430          0          0          0          0
1648314484         31        866            5306           52704          0          0          0          0
1648314497         31        661            4280           40408          0          0          0          0
1648314510         10        240            1648           15312          0          0          0          0
1648314527          8       1048             934           63456          0          0          0          0
1648314544          8        454             593           28130          0          0          0          0
1648314560          0        502               0           31476          0          0          0          0
1648314573          0        261               0           15660          0          0          0          0
1648314588         42       1367           40487           84045          0          0          0          0
1648314603         24       4331            2444          260482          0          0          0          0
1648314618         15        265            1533           17058          0          0          0          0
1648314633         12        353            1278           21816          0          0          0          0
1648314647         14        775            1398           47390          0          0          0          0
1648314663         11        699            1102           42674          0          0          0          0
1648314677         19        349            2014           22370          0          0          0          0
1648314692         14       1001            1425           60150          0          0          0          0
1648314707         14        428            1450           27304          0          0          0          0
1648314718          2        345             164           20624          0          0          0          0
1648314728          4        668             464           40932          0          0          0          0
1648314739          3        218             274           13620          0          0          0          0
1648314749          4        335             396           20720          0          0          0          0
1648314760          8        830             860           50408          0          0          0          0
1648314770          5        273             506           16668          0          0          0          0
1648314780          7        215             774           13526          0          0          0          0
1648314790         13       1172            1360           71432          0          0          0          0
1648314801          2        278             232           17196          0          0          0          0
1648314811          2        215             120           12926          0          0          0          0
1648314821          8        490             860           30836          0          0          0          0
1648314831          1        795              86           47718          0          0          0          0
1648314842          4        311             464           18684          0          0          0          0
1648314852          9        219             960           14544          0          0          0          0
1648314862          4        359             454           21564          0          0          0          0
1648314872          9        243             986           15482          0          0          0          0
1648314882          1       1181              86           71406          0          0          0          0
1648314893         44       1051           40821           64317          0          0          0          0
1648314903          4        277             454           16908          0          0          0          0
1648314913          0        243               0           15108          0          0          0          0
1648314923          1        191              78           12050          0          0          0          0
1648314933          2        360             164           22172          0          0          0          0
1648314944          1        447              78           27674          0          0          0          0
1648314954          1        733              86           43998          0          0          0          0
1648314964          2        227             164           14756          0          0          0          0
1648314974          2        210             156           12916          0          0          0          0
1648314984         12        359            1064           21764          0          0          0          0
1648314994          9        788             776           48894          0          0          0          0
1648315005          2        261             172           15696          0          0          0          0
1648315015          2        338             164           20888          0          0          0          0
1648315025          0        195               0           12492          0          0          0          0
1648315035          1        767              78           46328          0          0          0          0
1648315045          3        164             250           10184          0          0          0          0
1648315055          2        966             156           58804          0          0          0          0
1648315065          5        298             414           18550          0          0          0          0
1648315076          1        254              86           15522          0          0          0          0
1648315086          0        830               0           50892          0          0          0          0
1648315096          6        565             578           34106          0          0          0          0
1648315106          0        185               0           11646          0          0          0          0
1648315116          0        467               0           28830          0          0          0          0
1648315126          0        946               0           56760          0          0          0          0
1648315137          0        333               0           20808          0          0          0          0
1648315147          1        204              90           12798          0          0          0          0
1648315157          0        394               0           24204          0          0          0          0
