      time tx_packets rx_packets        tx_bytes        rx_bytes  tx_errors tx_dropped rx_frame_errors rx_crc_errors
1648314364          0         14               0            1122          0          0          0          0
1648314375        103        476           12314          380212          0          0          0          0
1648314385          0        391               0           24492          0          0          0          0
1648314395          7        609             644           37082          0          0          0          0
1648314405          1        209              42           12804          0          0          0          0
1648314415          0        283               0           18072          0          0          0          0
1648314425         61        156           15402            9746          0          0          0          0
1648314436          0        660               0           40146          0          0          0          0
1648314446         14        178            2583           11574          0          0          0          0
1648314456         10        903            1620           54260          0          0          0          0
1648314466         13        243            2015           15750          0          0          0          0
1648314477         18        216            3321           13332          0          0          0          0
1648314487         20       1070            3419           64884          0          0          0          0
1648314498         24        362            3747           22456          0          0          0          0
1648314508         13        207            2256           13320          0          0          0          0
1648314525         28       1066            3394           64650          0          0          0          0
1648314540          0        409               0           25368          0          0          0          0
1648314556          5        508             468           31596          0          0          0          0
1648314572          4        261             345           15942          0          0          0          0
1648314586         14       1235            1313           75560          0          0          0          0
1648314600         53       1082           41403           65845          0          0          0          0
1648314615          8       3688             869          222678          0          0          0          0
1648314630         10        186            1065           12024          0          0          0          0
1648314645          8        865             759           52514          0          0          0          0
1648314660          5        730             463           44438          0          0          0          0
1648314675         25        364            2517           23076          0          0          0          0
1648314690         20        777            2081           47054          0          0          0          0
1648314704         22        630            2321           39352          0          0          0          0
1648314715          2        350             232           21012          0          0          0          0
1648314725          7        224             738           14040          0          0          0          0
1648314736          9        699             918           42828          0          0          0          0
1648314746          1        165              78            9926          0          0          0          0
1648314756          1        929              86           56586          0          0          0          0
1648314766          7        306             670           18956          0          0          0          0
1648314777          6        202             696           12720          0          0          0          0
1648314787          4       1089             396           66044          0          0          0          0
1648314797         17        381            1818           23924          0          0          0          0
1648314807          3        164             274            9792          0          0          0          0
1648314818          2        420             232           25740          0          0          0          0
1648314828          4        844             464           51492          0          0          0          0
1648314838          0        375               0           22500          0          0          0          0
1648314848          0        236               0           15516          0          0          0          0
1648314859          5        359             506           21564          0          0          0          0
1648314869          6        214             686           13440          0          0          0          0
1648314879          0        283               0           17772          0          0          0          0
1648314889         45       1271           40883           76985          0          0          0          0
1648314899          4        964             454           58488          0          0          0          0
1648314910          9        251             950           15840          0          0          0          0
1648314920          2        176             164           11168          0          0          0          0
1648314930          2        195             120           11990          0          0          0          0
1648314940          1        642              86           39630          0          0          0          0
1648314950          1        357              78           21446          0          0          0          0
1648314961          2        586             164           35468          0          0          0          0
1648314971          4        189             328           12520          0          0          0          0
1648314981          3        392             250           23582          0          0          0          0
1648314991         15        687            1348           42662          0          0          0          0
1648315001          5        342             370           20872          0          0          0          0
1648315011          1        203              78           12488          0          0          0          0
1648315022          4        339             328           21238          0          0          0          0
1648315032          1        743              86           44862          0          0          0          0
1648315042          0        203               0           12744          0          0          0          0
1648315052          0        774               0           46968          0          0          0          0
1648315062          1        461              78           28634          0          0          0          0
1648315072          5        287             414           17206          0          0          0          0
1648315083          0        809               0           49614          0          0          0          0
1648315093          6        538             578           32768          0          0          0          0
1648315103          1        231              42           13860          0          0          0          0
1648315113          0        313               0           20196          0          0          0          0
1648315123          2       1047             164           62804          0          0          0          0
1648315133          0        279               0           17304          0          0          0          0
1648315144          0        294               0           18432          0          0          0          0
1648315154          0        384               0           23040          0          0          0          0
1648315164          0        179               0           11568          0          0          0          0
1648315174          0        253               0           15828          0          0          0          0
