      time tx_packets rx_packets        tx_bytes        rx_bytes  tx_errors tx_dropped rx_frame_errors rx_crc_errors
1648314350          0         14               0            1104          0          0          0          0
1648314360          1        552              42           33384          0          0          0          0
1648314370         92        448           11588          379096          0          0          0          0
1648314380          0        363               0           22308          0          0          0          0
1648314390          6        587             578           36254          0          0          0          0
1648314401          1        311              42           18660          0          0          0          0
1648314411          0        121               0            8334          0          0          0          0
1648314421         70        341           15988           21156          0          0          0          0
1648314431          1        635              42           38100          0          0          0          0
1648314441         14        181            2583           12300          0          0          0          0
1648314452          0        739               0           44340          0          0          0          0
1648314462         15        421            2625           26028          0          0          0          0
1648314473         22        161            4059           10464          0          0          0          0
1648314483         18        834            3321           50430          0          0          0          0
1648314496         34        699            5189           42954          0          0          0          0
1648314509         11        230            1887           14688          0          0          0          0
1648314527         14       1072            1770           65196          0          0          0          0
1648314545          0        454               0           27804          0          0          0          0
1648314564          0        535               0           33456          0          0          0          0
1648314581          0        892               0           54348          0          0          0          0
1648314593         41       1383           40510           84347          0          0          0          0
1648314608          3       3743             254          225150          0          0          0          0
1648314623         13        206            1320           13224          0          0          0          0
1648314638         10        679            1065           41364          0          0          0          0
1648314653         10        829            1065           51156          0          0          0          0
1648314667          7        337             681           20520          0          0          0          0
1648314682         22        537            2343           33444          0          0          0          0
1648314697         25        824            2617           49908          0          0          0          0
1648314712         16        418            1936           26280          0          0          0          0
1648314727          6        442             464           27312          0          0          0          0
1648314742          7        773             738           46944          0          0          0          0
1648314757          2       1041             232           63360          0          0          0          0
1648314768          8        277             860           17168          0          0          0          0
1648314778          5        229             506           14328          0          0          0          0
1648314788          6       1072             696           64884          0          0          0          0
1648314799         13        369            1216           23228          0          0          0          0
1648314809          9        235             970           14148          0          0          0          0
1648314819          4        485             464           30198          0          0          0          0
1648314829          4        743             464           44886          0          0          0          0
1648314839          6        354             686           21276          0          0          0          0
1648314850          0        226               0           14916          0          0          0          0
1648314860          0        361               0           21660          0          0          0          0
1648314870          0        208               0           13044          0          0          0          0
1648314880          8        800             908           48840          0          0          0          0
1648314891         46       1371           41238           83241          0          0          0          0
1648314901          0        355               0           21846          0          0          0          0
1648314911          4        239             454           14892          0          0          0          0
1648314921          5        212             496           13308          0          0          0          0
1648314931          0        334               0           20304          0          0          0          0
1648314942          0        467               0           29112          0          0          0          0
1648314952          0        671               0           40260          0          0          0          0
1648314962          0        287               0           18030          0          0          0          0
1648314972          0        169               0           10686          0          0          0          0
1648314982          8        398             728           24024          0          0          0          0
1648314992          8        774             662           47738          0          0          0          0
1648315002          1        248              42           15144          0          0          0          0
1648315013          0        350               0           21564          0          0          0          0
1648315023          0        188               0           11808          0          0          0          0
1648315033          0        776               0           46824          0          0          0          0
1648315043          0        165               0           10464          0          0          0          0
1648315053          0        820               0           49992          0          0          0          0
1648315063          1        414              78           25430          0          0          0          0
1648315074          1        281              86           16878          0          0          0          0
1648315084          0        829               0           50814          0          0          0          0
1648315094         28        557            4509           36938          0          0          0          0
