      time tx_packets rx_packets        tx_bytes        rx_bytes  tx_errors tx_dropped rx_frame_errors rx_crc_errors
1648314355          0         13               0             780          0          0          0          0
1648314365          2        211              84           13224          0          0          0          0
1648314375        106        490           12512          381052          0          0          0          0
1648314385          0        614               0           37632          0          0          0          0
1648314395          7        368             620           22850          0          0          0          0
1648314406          0        208               0           12744          0          0          0          0
1648314416          0        280               0           17892          0          0          0          0
1648314426         73        175           16194           10958          0          0          0          0
1648314436          0        659               0           40428          0          0          0          0
1648314447         14        180            2583           11352          0          0          0          0
1648314457         13        937            2292           56318          0          0          0          0
1648314467         18        213            2875           14018          0          0          0          0
1648314477         30        253            5535           15624          0          0          0          0
1648314488         24       1126            3886           68268          0          0          0          0
1648314502         23        339            3288           21324          0          0          0          0
1648314520         12        580            1467           35468          0          0          0          0
1648314537          0        971               0           59556          0          0          0          0
1648314555          0        508               0           31290          0          0          0          0
1648314574          0        361               0           22206          0          0          0          0
1648314588         35       1358           39667           83463          0          0          0          0
1648314603         12       4319            1117          259722          0          0          0          0
1648314618          1        250              42           16074          0          0          0          0
1648314633         15        356            1533           22008          0          0          0          0
1648314647         12        774            1229           47456          0          0          0          0
1648314662          4        690             426           41988          0          0          0          0
1648314677         23        352            2287           22552          0          0          0          0
1648314692         26       1012            2769           60876          0          0          0          0
1648314707         25        441            2598           27960          0          0          0          0
1648314722         10        435            1073           26534          0          0          0          0
1648314737          7        785             738           48150          0          0          0          0
1648314752          2        853             232           51756          0          0          0          0
1648314767          4        533             464           32796          0          0          0          0
1648314777          5        219             506           13728          0          0          0          0
1648314788          4       1080             464           65352          0          0          0          0
1648314798         11        369            1084           23198          0          0          0          0
1648314808         11        238            1202           14340          0          0          0          0
1648314818          6        361             628           22538          0          0          0          0
1648314829          6        873             696           52962          0          0          0          0
1648314839          2        353             232           21192          0          0          0          0
1648314849          1        226              42           14916          0          0          0          0
1648314860          1        363              90           21810          0          0          0          0
1648314870          2        207             232           12996          0          0          0          0
1648314880         11        805            1182           49152          0          0          0          0
1648314890         43       1218           40666           74697          0          0          0          0
1648314900          6        511             618           30614          0          0          0          0
1648314911          0        235               0           14628          0          0          0          0
1648314921          2        188             156           11896          0          0          0          0
1648314931         15        368            1454           22528          0          0          0          0
1648314941          1        471              86           29370          0          0          0          0
1648314951          0        358               0           21480          0          0          0          0
1648314962          0        598               0           36144          0          0          0          0
1648314972          2        172             164           11456          0          0          0          0
1648314982          7        400             662           24138          0          0          0          0
1648314992          8        771             710           47588          0          0          0          0
1648315002          2        249             164           15308          0          0          0          0
1648315012          0        210               0           13164          0          0          0          0
1648315023          0        328               0           20148          0          0          0          0
1648315033          0        773               0           46644          0          0          0          0
1648315043          0        170               0           10764          0          0          0          0
1648315053          2        822             164           50156          0          0          0          0
1648315063          0        407               0           25044          0          0          0          0
1648315073          0        285               0           17040          0          0          0          0
1648315083          0        828               0           50754          0          0          0          0
1648315094          6        536             578           32654          0          0          0          0
1648315104          0        212               0           12720          0          0          0          0
