      time tx_packets rx_packets        tx_bytes        rx_bytes  tx_errors tx_dropped rx_frame_errors rx_crc_errors
1648314363          1         22              86            1338          0          0          0          0
1648314373        105        441           12422          378394          0          0          0          0
1648314383          1        372              78           23138          0          0          0          0
1648314393         10        658             898           40330          0          0          0          0
1648314404          3        225             170           13518          0          0          0          0
1648314414          0        270               0           17556          0          0          0          0
1648314424         48        159           14512            9822          0          0          0          0
1648314434          0        662               0           40266          0          0          0          0
1648314445         14        162            2583           10614          0          0          0          0
1648314455         14        913            2370           54888          0          0          0          0
1648314465         10        240            1560           15276          0          0          0          0
1648314475         27        215            4875           13610          0          0          0          0
1648314486         24        826            3916           50334          0          0          0          0
1648314498         23        632            3288           38520          0          0          0          0
1648314510         15        236            2390           15098          0          0          0          0
1648314527         17       1057            1686           64074          0          0          0          0
1648314544          0        447               0           27648          0          0          0          0
1648314561          1        519              78           32522          0          0          0          0
1648314575         13        273            1178           16458          0          0          0          0
1648314589         42       1389           39715           85643          0          0          0          0
1648314604         14       4288            1489          257520          0          0          0          0
1648314619          5        253             504           16436          0          0          0          0
1648314634         17        369            1790           22686          0          0          0          0
1648314648         10        768             923           46978          0          0          0          0
1648314663         11        700            1364           42774          0          0          0          0
1648314678         25        351            2336           22520          0          0          0          0
1648314693         10        995            1103           59700          0          0          0          0
1648314708         17        434            1735           27524          0          0          0          0
1648314723         10        439            1024           26806          0          0          0          0
1648314733          2        715             232           43926          0          0          0          0
1648314744          7        168             738           10116          0          0          0          0
1648314754          5        807             474           49066          0          0          0          0
1648314764          9        433             946           26870          0          0          0          0
1648314775          3        186             274           11736          0          0          0          0
1648314785          4        852             464           51408          0          0          0          0
1648314795         14        633            1506           39044          0          0          0          0
1648314805         10        180            1048           11156          0          0          0          0
1648314816          2        340             128           20682          0          0          0          0
1648314826          6        908             618           55640          0          0          0          0
1648314836          4        385             464           23124          0          0          0          0
1648314846          5        242             496           15636          0          0          0          0
1648314857          0        356               0           21624          0          0          0          0
1648314867          4        166             454           10266          0          0          0          0
1648314877          1        306              78           19196          0          0          0          0
1648314887         39       1279           39672           77661          0          0          0          0
1648314897          1        920              42           55764          0          0          0          0
1648314908          8        291             908           18300          0          0          0          0
1648314918          4        182             454           11508          0          0          0          0
1648314928          0        191               0           11460          0          0          0          0
1648314938          2        653             164           40298          0          0          0          0
1648314948          3        346             242           21112          0          0          0          0
1648314959          2        570             164           34244          0          0          0          0
1648314969          6        197             492           13308          0          0          0          0
1648314979          5        272             414           16426          0          0          0          0
1648314989          9        623             770           38352          0          0          0          0
1648314999          9        487             820           30030          0          0          0          0
1648315009          1        231              86           13878          0          0          0          0
1648315019          0        349               0           21768          0          0          0          0
1648315030          2        725             164           44072          0          0          0          0
1648315040          4        247             320           15480          0          0          0          0
1648315050          4        302             304           18714          0          0          0          0
1648315060          1        859              78           52394          0          0          0          0
1648315070          3        324             250           19562          0          0          0          0
1648315080          0        308               0           18948          0          0          0          0
1648315090          0        982               0           59748          0          0          0          0
1648315101          6        318             578           19286          0          0          0          0
1648315111          1        239              78           15722          0          0          0          0
1648315121          1        609              86           36558          0          0          0          0
1648315131          0        794               0           47922          0          0          0          0
1648315141          1        276              78           17660          0          0          0          0
1648315151          1        196              86           11778          0          0          0          0
1648315162          0        382               0           23484          0          0          0          0
1648315172          2        212             164           13556          0          0          0          0
