      time tx_packets rx_packets        tx_bytes        rx_bytes  tx_errors tx_dropped rx_frame_errors rx_crc_errors
1648314315          0         17               0            1302          0          0          0          0
1648314325          1        167              42           11094          0          0          0          0
1648314335          0        297               0           17820          0          0          0          0
1648314345          0        577               0           35184          0          0          0          0
1648314355          0        563               0           34572          0          0          0          0
1648314365         31        255            5169           23803          0          0          0          0
1648314376         74        444            7253          370617          0          0          0          0
1648314386          0        618               0           37608          0          0          0          0
1648314396          7        365             620           22670          0          0          0          0
1648314406          0        204               0           12504          0          0          0          0
1648314416         51        330           11878           21192          0          0          0          0
1648314426         15        124            3822            7524          0          0          0          0
1648314437          0        666               0           41052          0          0          0          0
1648314447         14        169            2583           10488          0          0          0          0
1648314457         14        936            2583           56244          0          0          0          0
1648314467         13        210            2256           13764          0          0          0          0
1648314478         22        249            3649           15400          0          0          0          0
1648314488         28       1145            4624           69432          0          0          0          0
1648314500         18        288            2801           18194          0          0          0          0
1648314514         25        370            3430           22926          0          0          0          0
1648314530          5        948             468           57978          0          0          0          0
1648314546          0        437               0           26502          0          0          0          0
1648314561          2        466             213           29328          0          0          0          0
1648314576          5        314             468           18864          0          0          0          0
1648314591         47       1861           41035          113885          0          0          0          0
1648314606         12       3796            1147          228378          0          0          0          0
1648314621         14        252            1491           15996          0          0          0          0
1648314635          8        679             852           41472          0          0          0          0
1648314650          5        457             468           28638          0          0          0          0
1648314665          6        705             639           42378          0          0          0          0
1648314680         29        516            3043           32484          0          0          0          0
1648314695          6        827             658           49656          0          0          0          0
1648314710         21        432            2248           27396          0          0          0          0
1648314722          2        393             232           23874          0          0          0          0
1648314733          2        710             232           43686          0          0          0          0
1648314743         10        167            1048           10094          0          0          0          0
1648314753          5        802             482           48758          0          0          0          0
1648314764          4        419             464           25956          0          0          0          0
1648314774          3        198             274           12456          0          0          0          0
1648314784          5        857             506           51708          0          0          0          0
1648314794         13        611            1316           37712          0          0          0          0
1648314805          7        193             738           11898          0          0          0          0
1648314815          3        342             274           20796          0          0          0          0
1648314825          2        901             232           55164          0          0          0          0
1648314835          6        369             686           22236          0          0          0          0
1648314846         12        263            1272           16902          0          0          0          0
1648314856          5        377             496           22908          0          0          0          0
1648314866          0        153               0            9462          0          0          0          0
1648314876          0        308               0           19290          0          0          0          0
1648314886         39       1278           40511           77601          0          0          0          0
1648314897         19        939            2029           57861          0          0          0          0
1648314907          0        223               0           14172          0          0          0          0
1648314917          4        231             454           14448          0          0          0          0
1648314927          1        198              42           11880          0          0          0          0
1648314937          0        657               0           40212          0          0          0          0
1648314947          0        325               0           20064          0          0          0          0
1648314958          0        573               0           34380          0          0          0          0
1648314968          0        202               0           13476          0          0          0          0
1648314978          0        236               0           14160          0          0          0          0
1648314988          9        650             770           39972          0          0          0          0
1648314998          0        478               0           29208          0          0          0          0
