      time tx_packets rx_packets        tx_bytes        rx_bytes  tx_errors tx_dropped rx_frame_errors rx_crc_errors
1648314363          0         22               0            1602          0          0          0          0
1648314373        104        422           12356          377260          0          0          0          0
1648314383          1        392              42           24312          0          0          0          0
1648314393          6        656             578           40130          0          0          0          0
1648314403          0        207               0           12420          0          0          0          0
1648314415          0        306               0           19716          0          0          0          0
1648314425         66        163           15700           10158          0          0          0          0
1648314435          1        663              66           40332          0          0          0          0
1648314446         15        177            2625           11514          0          0          0          0
1648314456         14        907            2583           54504          0          0          0          0
1648314466          9        241            1313           15632          0          0          0          0
1648314477         24        223            4428           13788          0          0          0          0
1648314488         30       1151            4993           69804          0          0          0          0
1648314500         20        319            2909           20060          0          0          0          0
1648314516         23        394            3061           24354          0          0          0          0
1648314534          0       1065               0           65256          0          0          0          0
1648314551          1        363              42           22044          0          0          0          0
1648314567          4        462             240           28824          0          0          0          0
1648314581          7        991             681           60324          0          0          0          0
1648314596         43       1364           40615           83219          0          0          0          0
1648314611          8       3669             850          221070          0          0          0          0
1648314626          7        194             681           12144          0          0          0          0
1648314640         18        717            1917           43956          0          0          0          0
1648314655         13        843            1320           51744          0          0          0          0
1648314670         14        323            1510           19992          0          0          0          0
1648314685         36        844            3741           51758          0          0          0          0
1648314700          3        590             299           36462          0          0          0          0
1648314715          0        465               0           28224          0          0          0          0
1648314730          5        800             506           49056          0          0          0          0
1648314745          3        259             310           15842          0          0          0          0
1648314755          1        942              86           57366          0          0          0          0
1648314766          5        309             506           19092          0          0          0          0
1648314777          8        209             928           13152          0          0          0          0
1648314787          6       1093             696           66204          0          0          0          0
1648314797         15        378            1548           23702          0          0          0          0
1648314807          6        166             696            9996          0          0          0          0
1648314818          4        421             364           25830          0          0          0          0
1648314828          6        850             696           51864          0          0          0          0
1648314838          3        375             274           22512          0          0          0          0
1648314848          0        235               0           15456          0          0          0          0
1648314859          6        360             686           21636          0          0          0          0
1648314869          2        210             132           13194          0          0          0          0
1648314879          8        291             908           18300          0          0          0          0
1648314889         39       1265           40381           76557          0          0          0          0
1648314899          0        961               0           58224          0          0          0          0
1648314910         13        254            1404           16104          0          0          0          0
1648314920          4        178             454           11268          0          0          0          0
1648314930          1        197              90           12114          0          0          0          0
1648314940          0        640               0           39492          0          0          0          0
1648314950          0        356               0           21360          0          0          0          0
1648314961          0        583               0           35244          0          0          0          0
1648314971          0        185               0           12192          0          0          0          0
1648314981          0        389               0           23340          0          0          0          0
1648314991         14        687            1282           42662          0          0          0          0
1648315001          1        338              90           20574          0          0          0          0
1648315011          0        202               0           12402          0          0          0          0
1648315022          0        334               0           20850          0          0          0          0
1648315032          0        742               0           44784          0          0          0          0
1648315042          0        204               0           12804          0          0          0          0
1648315052          0        774               0           46968          0          0          0          0
1648315062          0        402               0           25188          0          0          0          0
1648315072          0        324               0           19200          0          0          0          0
1648315083          0        825               0           50574          0          0          0          0
1648315093          6        535             578           32588          0          0          0          0
1648315103          1        234              42           14040          0          0          0          0
1648315113          0        312               0           20076          0          0          0          0
1648315123          0       1032               0           62100          0          0          0          0
1648315133          0        293               0           17964          0          0          0          0
1648315143          2        296             164           18596          0          0          0          0
1648315154          0        384               0           23040          0          0          0          0
1648315164          0        177               0           11508          0          0          0          0
