      time tx_packets rx_packets        tx_bytes        rx_bytes  tx_errors tx_dropped rx_frame_errors rx_crc_errors
1648314328          0         21               0            1260          0          0          0          0
1648314338          1        602              42           36402          0          0          0          0
1648314348          0        334               0           20586          0          0          0          0
1648314358          0        534               0           32568          0          0          0          0
1648314369        107        471           12602          380506          0          0          0          0
1648314379          1        223              42           13908          0          0          0          0
1648314389          0        624               0           38268          0          0          0          0
1648314399          7        360             620           21806          0          0          0          0
1648314409          0        171               0           10788          0          0          0          0
1648314419         56        329           12208           20904          0          0          0          0
1648314430         16        650            3912           39114          0          0          0          0
1648314440          0        156               0           10716          0          0          0          0
1648314450         14        307            2583           18504          0          0          0          0
1648314461         15        803            2625           48828          0          0          0          0
1648314471         16        232            2952           14808          0          0          0          0
1648314481         24        347            4428           20964          0          0          0          0
1648314494         30       1131            4451           68868          0          0          0          0
1648314507         13        219            2256           14022          0          0          0          0
1648314524         14       1122            1770           67950          0          0          0          0
1648314542          0        449               0           28032          0          0          0          0
1648314560          0        530               0           33156          0          0          0          0
1648314576          0        330               0           19800          0          0          0          0
1648314589         41       1344           40694           82835          0          0          0          0
1648314604          1       4273             170          256950          0          0          0          0
1648314619         16        261            1575           16536          0          0          0          0
1648314634         12        368            1278           22776          0          0          0          0
1648314649         15        771            1533           47076          0          0          0          0
1648314664          4        694             426           42228          0          0          0          0
1648314678         20        378            2130           24156          0          0          0          0
1648314693         25        981            2617           59004          0          0          0          0
1648314708         12        425            1297           26928          0          0          0          0
1648314723          2        433             213           26274          0          0          0          0
1648314738          4        773             464           47478          0          0          0          0
1648314753          5        886             506           53748          0          0          0          0
1648314764          6        424             696           26268          0          0          0          0
1648314774          0        204               0           12804          0          0          0          0
1648314785         10        857            1012           51732          0          0          0          0
1648314795         10        628            1042           38720          0          0          0          0
1648314805          8        179             928           11070          0          0          0          0
1648314815          0        341             232           20736          0          0          0          0
1648314826          5        904             274           55344          0          0          0          0
1648314836          8        390             928           23448          0          0          0          0
1648314846          2        228             232           14904          0          0          0          0
1648314856          0        370               0           22344          0          0          0          0
1648314867          0        159               0            9822          0          0          0          0
1648314877         15        324            1636           20334          0          0          0          0
1648314887         41       1283           40914           77913          0          0          0          0
1648314897          8        923             908           55992          0          0          0          0
1648314907          0        282               0           17712          0          0          0          0
1648314918          0        177               0           11184          0          0          0          0
1648314928          4        196             454           11784          0          0          0          0
1648314938          1        655              42           40374          0          0          0          0
1648314948          0        340               0           20682          0          0          0          0
1648314958          0        562               0           33720          0          0          0          0
1648314968          0        198               0           13236          0          0          0          0
1648314979          0        268               0           16080          0          0          0          0
1648314989          9        621             770           38232          0          0          0          0
1648314999          7        486             620           29894          0          0          0          0
1648315009          0        230               0           13800          0          0          0          0
1648315019          0        348               0           21708          0          0          0          0
