      time tx_packets rx_packets        tx_bytes        rx_bytes  tx_errors tx_dropped rx_frame_errors rx_crc_errors
1648314362          0         19               0            1422          0          0          0          0
1648314372        107        423           12554          377314          0          0          0          0
1648314383          0        389               0           24132          0          0          0          0
1648314393          7        660             668           40400          0          0          0          0
1648314403          2        212             120           12746          0          0          0          0
1648314413          2        281             152           18240          0          0          0          0
1648314423         61        177           15370           10968          0          0          0          0
1648314434          0        657               0           39684          0          0          0          0
1648314444         14        161            2583           10836          0          0          0          0
1648314454          0        759               0           45540          0          0          0          0
1648314465         21        397            3507           24788          0          0          0          0
1648314475         21        208            3527           13160          0          0          0          0
1648314485         23        824            4145           50154          0          0          0          0
1648314497         25        641            3657           39132          0          0          0          0
1648314511         20        248            3148           15828          0          0          0          0
1648314529         12       1087            1435           66078          0          0          0          0
1648314547          1        476              42           29124          0          0          0          0
1648314565          0        491               0           30816          0          0          0          0
1648314580          0        869               0           52968          0          0          0          0
1648314593         41       1393           40449           84953          0          0          0          0
1648314608          3       3744             254          225210          0          0          0          0
1648314623          7        201             632           12920          0          0          0          0
1648314638         13        687            1368           42150          0          0          0          0
1648314653          5        834             468           51156          0          0          0          0
1648314668         10        333            1016           20336          0          0          0          0
1648314683         10        525            1065           32652          0          0          0          0
1648314698         46        861            4769           52592          0          0          0          0
1648314713         20        553            2032           34114          0          0          0          0
1648314728         13        300            1366           18932          0          0          0          0
1648314743          4        773             445           46932          0          0          0          0
1648314758          5       1046             492           64044          0          0          0          0
1648314773          9        364             760           22706          0          0          0          0
1648314783          6        833             696           50016          0          0          0          0
1648314793         12        637            1274           39254          0          0          0          0
1648314804         11        200            1202           12624          0          0          0          0
1648314814          6        343             628           20972          0          0          0          0
1648314824          6        899             696           55008          0          0          0          0
1648314834          0        287               0           17220          0          0          0          0
1648314845          0        311               0           19488          0          0          0          0
1648314855          9        381             960           23436          0          0          0          0
1648314865          7        180             728           10836          0          0          0          0
1648314875          0        268               0           17172          0          0          0          0
1648314886          3       1148             274           69216          0          0          0          0
1648314896         43       1104           40860           67407          0          0          0          0
1648314906          3        216             206           13532          0          0          0          0
1648314916          5        244             532           15518          0          0          0          0
1648314926          6        194             618           11708          0          0          0          0
1648314937          5        663             540           40614          0          0          0          0
1648314947          3        332             206           20528          0          0          0          0
1648314957          0        555               0           33300          0          0          0          0
1648314967          0        219               0           14496          0          0          0          0
1648314977          4        240             328           14488          0          0          0          0
1648314987          9        641             770           38886          0          0          0          0
1648314998         10        496             862           31110          0          0          0          0
1648315008          1        234              86           14058          0          0          0          0
1648315018          4        349             328           21856          0          0          0          0
1648315028          2        345             164           21512          0          0          0          0
1648315038          0        609               0           36864          0          0          0          0
1648315048          0        295               0           17964          0          0          0          0
1648315059          1        881              78           53696          0          0          0          0
1648315069          4        289             328           17710          0          0          0          0
1648315079          1        243              86           15126          0          0          0          0
1648315089          0       1060               0           64428          0          0          0          0
1648315099          7        334             620           20252          0          0          0          0
1648315109          0        249               0           16032          0          0          0          0
1648315120          2        580             164           35108          0          0          0          0
1648315130          0        758               0           45480          0          0          0          0
1648315140          0        329               0           21096          0          0          0          0
1648315150          1        208              78           12506          0          0          0          0
1648315160          1        388              86           23862          0          0          0          0
