      time tx_packets rx_packets        tx_bytes        rx_bytes  tx_errors tx_dropped rx_frame_errors rx_crc_errors
1648314317          0         15               0            1446          0          0          0          0
1648314327          1        155              42            9828          0          0          0          0
1648314337          0        603               0           36180          0          0          0          0
1648314348          0        345               0           21528          0          0          0          0
1648314358          0        529               0           32268          0          0          0          0
1648314368       2289       1122         2940112          467306          0          0          0          0
1648314379          2        226              84           14088          0          0          0          0
1648314389          0        623               0           38268          0          0          0          0
1648314399          7        361             620           21806          0          0          0          0
1648314409          0        171               0           10788          0          0          0          0
1648314419       1068       1311          164232          170942          0          0          0          0
1648314430         79        712           13566           48852          0          0          0          0
1648314440        132        287           16533           27183          0          0          0          0
1648314450        106        392           14106           29559          0          0          0          0
1648314461        245       1028           30933           76920          0          0          0          0
1648314471        321        534           40359           53232          0          0          0          0
1648314482        427        739           54160           70213          0          0          0          0
1648314492        447       1502           50161          111815          0          0          0          0
1648314503        218        393           25808           35118          0          0          0          0
1648314518        271        689           27688           51381          0          0          0          0
1648314536          2       1077             213           65988          0          0          0          0
1648314552          5        279             516           17058          0          0          0          0
1648314568         21        502            1767           31737          0          0          0          0
1648314584         51       1331            4170           82026          0          0          0          0
1648314599        112       1154           46166           72095          0          0          0          0
1648314615        163       3845           14087          236511          0          0          0          0
1648314630        196        352           17100           26028          0          0          0          0
1648314645        200       1068           17397           69693          0          0          0          0
1648314660        205        942           17789           62203          0          0          0          0
1648314675        238        581           20399           42019          0          0          0          0
1648314690        376       1157           33069           79024          0          0          0          0
1648314706        201        794           18089           55217          0          0          0          0
1648314716        109        465            9225           29691          0          0          0          0
1648314727         60        262            5512           18196          0          0          0          0
1648314737         58        746            5280           46924          0          0          0          0
1648314747         71        245            6314           17090          0          0          0          0
1648314758         45       1006            4246           62334          0          0          0          0
1648314768         60        323            5344           21424          0          0          0          0
1648314778         69        291            6282           19920          0          0          0          0
1648314788         96       1160            8640           72880          0          0          0          0
1648314799         86        445            7846           30128          0          0          0          0
1648314809         83        309            7502           20826          0          0          0          0
1648314819         71        550            6494           36126          0          0          0          0
1648314829         76        814            6722           51256          0          0          0          0
1648314840         78        430            7088           28108          0          0          0          0
1648314850         46        271            4058           18950          0          0          0          0
1648314860         70        427            6512           27398          0          0          0          0
1648314870         59        278            5272           18830          0          0          0          0
1648314881         70        854            6292           53970          0          0          0          0
1648314891        116       1437           47016           89301          0          0          0          0
1648314901         44        405            3954           26160          0          0          0          0
1648314911         51        282            4434           18876          0          0          0          0
1648314921         41        249            3616           16524          0          0          0          0
1648314932         27        363            2360           22802          0          0          0          0
1648314942         12        476            1172           29914          0          0          0          0
1648314952         10        683             802           41218          0          0          0          0
1648314962          0        288               0           18090          0          0          0          0
1648314972          0        166               0           10506          0          0          0          0
1648314983         69        459            6022           29656          0          0          0          0
1648314993         21        790            1803           49419          0          0          0          0
1648315003          1        251              42           15324          0          0          0          0
