      time tx_packets rx_packets        tx_bytes        rx_bytes  tx_errors tx_dropped rx_frame_errors rx_crc_errors
1648314332          0          8               0             480          0          0          0          0
1648314342          1        441              42           27024          0          0          0          0
1648314352          0        706               0           43152          0          0          0          0
1648314362          0        209               0           12822          0          0          0          0
1648314373         99        423           12050          377314          0          0          0          0
1648314383          0        389               0           24132          0          0          0          0
1648314393          6        656             578           40130          0          0          0          0
1648314403          1        210              42           12600          0          0          0          0
1648314413          0        276               0           17916          0          0          0          0
1648314423         64        184           15568           11418          0          0          0          0
1648314434          0        655               0           39564          0          0          0          0
1648314444         14        163            2583           10956          0          0          0          0
1648314454          1        761              90           45690          0          0          0          0
1648314465         17        392            3006           24464          0          0          0          0
1648314475         19        206            3407           13014          0          0          0          0
1648314485         18        818            3050           49752          0          0          0          0
1648314496         18        625            3050           38136          0          0          0          0
1648314507         17        150            2994            9642          0          0          0          0
1648314522         25        562            3163           34440          0          0          0          0
1648314538          2        955             213           58404          0          0          0          0
1648314554         13        493            1320           30180          0          0          0          0
1648314569          2        267             213           16860          0          0          0          0
1648314585          5       1256             516           76506          0          0          0          0
1648314600         44       1085           40684           66275          0          0          0          0
1648314615          8       3690             850          222738          0          0          0          0
1648314630         10        163            1084           10404          0          0          0          0
1648314644          9        868             894           52920          0          0          0          0
1648314659          8        740             871           45012          0          0          0          0
1648314670          5        210             468           13152          0          0          0          0
1648314681         12        439            1278           27240          0          0          0          0
1648314691          8        647             871           38868          0          0          0          0
1648314701         12        389            1316           24504          0          0          0          0
1648314712         19        238            1959           14652          0          0          0          0
1648314722          4        360             464           21906          0          0          0          0
1648314733          8        720             928           44322          0          0          0          0
1648314743          6        166             696            9996          0          0          0          0
1648314753          3        802             274           48696          0          0          0          0
1648314763          2        415             232           25704          0          0          0          0
1648314774          4        199             464           12528          0          0          0          0
1648314784          6        857             686           51720          0          0          0          0
1648314794         13        615            1316           37952          0          0          0          0
1648314804          5        190             506           11706          0          0          0          0
1648314815          2        341             232           20736          0          0          0          0
1648314825          4        900             396           55148          0          0          0          0
1648314835         11        372            1182           22380          0          0          0          0
1648314845          2        237             232           15324          0          0          0          0
1648314856          0        371               0           22524          0          0          0          0
1648314866          8        180             908           10908          0          0          0          0
1648314876          5        313             496           19836          0          0          0          0
1648314886         36       1275           40178           77411          0          0          0          0
1648314896          5        927             540           56226          0          0          0          0
1648314906          0        220               0           13992          0          0          0          0
1648314917          0        232               0           14484          0          0          0          0
1648314927          1        191              78           11486          0          0          0          0
1648314937          2        663             172           40590          0          0          0          0
1648314947          0        324               0           20004          0          0          0          0
1648314957          0        555               0           33300          0          0          0          0
1648314968          0        222               0           14676          0          0          0          0
1648314978          0        234               0           14040          0          0          0          0
1648314988          8        646             704           39462          0          0          0          0
1648314998          7        485             620           30098          0          0          0          0
1648315008          0        234               0           14040          0          0          0          0
1648315018          0        349               0           21768          0          0          0          0
1648315028          0        685               0           41628          0          0          0          0
