      time tx_packets rx_packets        tx_bytes        rx_bytes  tx_errors tx_dropped rx_frame_errors rx_crc_errors
1648314345          0        153               0            9180          0          0          0          0
1648314355          1        577              42           35412          0          0          0          0
1648314365         11        235            2859           17461          0          0          0          0
1648314375         83        464            8861          376959          0          0          0          0
1648314385          0        615               0           37428          0          0          0          0
1648314396          8        366             758           22790          0          0          0          0
1648314406          1        209              42           12804          0          0          0          0
1648314416         41        322           11218           20658          0          0          0          0
1648314426         15        124            3822            7524          0          0          0          0
1648314436          0        659               0           40368          0          0          0          0
1648314447         15        178            2625           11292          0          0          0          0
1648314457         15        937            2673           56334          0          0          0          0
1648314467         10        207            1845           13572          0          0          0          0
1648314478         21        250            3732           15384          0          0          0          0
1648314488         20       1129            3690           68424          0          0          0          0
1648314500         29        305            4395           19260          0          0          0          0
1648314516         22        383            2770           23708          0          0          0          0
1648314534          1       1060              42           65016          0          0          0          0
1648314552          0        384               0           23244          0          0          0          0
1648314570          0        513               0           31872          0          0          0          0
1648314584          0       1242               0           75612          0          0          0          0
1648314599         46       1088           40878           66407          0          0          0          0
1648314614         11       3694            1105          222906          0          0          0          0
1648314629          7        160             681           10404          0          0          0          0
1648314644         10        737            1065           45252          0          0          0          0
1648314659         13        877            1320           53136          0          0          0          0
1648314674         19        338            1878           21420          0          0          0          0
1648314689         26        809            2739           48950          0          0          0          0
1648314704          7        622             700           38712          0          0          0          0
1648314719         22        461            2400           27852          0          0          0          0
1648314733          0        800               0           49296          0          0          0          0
1648314748          7        241             738           15060          0          0          0          0
1648314758          0        962               0           58248          0          0          0          0
1648314769          6        292             560           17884          0          0          0          0
1648314779          5        205             506           12888          0          0          0          0
1648314790         12       1085            1392           65700          0          0          0          0
1648314800          8        373             810           23426          0          0          0          0
1648314810          5        218             506           13104          0          0          0          0
1648314820          6        489             628           30764          0          0          0          0
1648314831          3        801             274           48072          0          0          0          0
1648314841          4        308             464           18504          0          0          0          0
1648314851          4        211             454           14040          0          0          0          0
1648314861          3        358             274           21492          0          0          0          0
1648314871          4        246             464           15612          0          0          0          0
1648314882          4        894             454           54192          0          0          0          0
1648314892         44       1327           40924           80859          0          0          0          0
1648314902          4        280             454           17088          0          0          0          0
1648314912          5        234             496           14592          0          0          0          0
1648314922          6        214             586           13458          0          0          0          0
1648314933          0        353               0           21708          0          0          0          0
1648314943          0        451               0           27888          0          0          0          0
1648314953          0        712               0           42720          0          0          0          0
1648314963          0        242               0           15330          0          0          0          0
1648314973          0        181               0           11406          0          0          0          0
1648314983         11        389             934           23528          0          0          0          0
1648314994          7        782             620           48218          0          0          0          0
1648315004          0        264               0           16104          0          0          0          0
1648315014          0        331               0           20424          0          0          0          0
1648315024          0        194               0           12432          0          0          0          0
1648315034          0        765               0           46182          0          0          0          0
1648315044          0        165               0           10182          0          0          0          0
1648315054          0        822               0           50112          0          0          0          0
1648315065          0        436               0           26724          0          0          0          0
1648315075          0        249               0           14940          0          0          0          0
