      time tx_packets rx_packets        tx_bytes        rx_bytes  tx_errors tx_dropped rx_frame_errors rx_crc_errors
1648314312          0         18               0            1080          0          0          0          0
1648314322          1        173              42           11472          0          0          0          0
1648314332          0        297               0           18084          0          0          0          0
1648314342          1        436              90           26754          0          0          0          0
1648314353          0        709               0           43332          0          0          0          0
1648314363          0        216               0           13242          0          0          0          0
1648314373       2291       1129         2940196          467642          0          0          0          0
1648314383          0        366               0           22752          0          0          0          0
1648314394          6        657             578           40190          0          0          0          0
1648314404          1        218              42           13080          0          0          0          0
1648314414          0        273               0           17736          0          0          0          0
1648314424       1114       1120          175620          164168          0          0          0          0
1648314434          0        664               0           40386          0          0          0          0
1648314445        238        377           30639           38082          0          0          0          0
1648314455        100        998           13236           65688          0          0          0          0
1648314466        254        488           31740           45549          0          0          0          0
1648314476        385        561           49797           57519          0          0          0          0
1648314486        414       1216           50643           96487          0          0          0          0
1648314502        424       1071           48178           85652          0          0          0          0
1648314520        331        911           33361           68325          0          0          0          0
1648314539         18       1010            1464           62376          0          0          0          0
1648314557         10        533             774           33546          0          0          0          0
1648314574         38        366            3012           22800          0          0          0          0
1648314588         91       1404           44393           87507          0          0          0          0
1648314603         55       4363            4710          263429          0          0          0          0
1648314618        171        425           14865           30903          0          0          0          0
1648314633        219        561           18592           39859          0          0          0          0
1648314648        158        924           13653           59859          0          0          0          0
1648314663        129        825           11066           53282          0          0          0          0
1648314679        268        628           23388           45551          0          0          0          0
1648314694        375       1306           32897           87569          0          0          0          0
1648314709        272        683           23863           49192          0          0          0          0
1648314724        123        563           11117           37718          0          0          0          0
1648314739         62        831            5644           52472          0          0          0          0
1648314752         72        897            6308           56320          0          0          0          0
1648314762         46        487            4336           31288          0          0          0          0
1648314773         95        289            8598           20656          0          0          0          0
1648314783         80        904            7284           56396          0          0          0          0
1648314793         89        714            8232           46230          0          0          0          0
1648314803         86        273            7928           19348          0          0          0          0
1648314814         56        397            5000           25596          0          0          0          0
1648314824         64        958            5766           60434          0          0          0          0
1648314834         56        343            5028           22184          0          0          0          0
1648314845         71        382            6522           25738          0          0          0          0
1648314855         68        440            5952           28872          0          0          0          0
1648314865         57        230            5150           15354          0          0          0          0
1648314875         69        338            6260           23260          0          0          0          0
1648314886         58       1247            5210           76960          0          0          0          0
1648314896        119       1139           47605           72018          0          0          0          0
1648314906         89        305            7754           21332          0          0          0          0
1648314916         70        306            6282           21116          0          0          0          0
1648314926         17        205            1478           12836          0          0          0          0
1648314937         41        699            3632           43862          0          0          0          0
1648314947          0        330               0           20364          0          0          0          0
1648314957          0        554               0           33240          0          0          0          0
1648314967          0        222               0           14676          0          0          0          0
1648314977          0        235               0           14100          0          0          0          0
1648314988         78        711            6400           45058          0          0          0          0
1648314998          0        484               0           30114          0          0          0          0
