      time tx_packets rx_packets        tx_bytes        rx_bytes  tx_errors tx_dropped rx_frame_errors rx_crc_errors
1648314361          0         35               0            2100          0          0          0          0
1648314371         96        430           11756          378016          0          0          0          0
1648314381          0        384               0           23832          0          0          0          0
1648314392          6        668             578           40850          0          0          0          0
1648314402          2        212             132           12750          0          0          0          0
1648314412          0        116               0            8316          0          0          0          0
1648314422         72        341           16096           20862          0          0          0          0
1648314432          0        659               0           39540          0          0          0          0
1648314442         14        162            2583           11160          0          0          0          0
1648314453          0        736               0           44400          0          0          0          0
1648314463         17        415            2994           25584          0          0          0          0
1648314473         18        159            3321           10176          0          0          0          0
1648314483         25        860            4289           52064          0          0          0          0
1648314495         28        648            4068           39846          0          0          0          0
1648314507         15        163            2661           10436          0          0          0          0
1648314526         18       1143            2044           69534          0          0          0          0
1648314544          3        462             198           28560          0          0          0          0
1648314560          1        508              42           31836          0          0          0          0
1648314575          0        276               0           16560          0          0          0          0
1648314589        526       1891           88250          133343          0          0          0          0
1648314604         90       4350            4245          261638          0          0          0          0
1648314619          2        247             213           15624          0          0          0          0
1648314634         17        371            1746           23040          0          0          0          0
1648314648         21        775            2220           47322          0          0          0          0
1648314663         11        703            1143           42890          0          0          0          0
1648314678         20        377            1947           24166          0          0          0          0
1648314693         23        978            2440           58778          0          0          0          0
1648314708         11        428            1058           27128          0          0          0          0
1648314723          7        437             763           26556          0          0          0          0
1648314738          5        770             506           47298          0          0          0          0
1648314753          4        863             396           52400          0          0          0          0
1648314764          9        450             938           27898          0          0          0          0
1648314774          8        208             824           13098          0          0          0          0
1648314784          8        859             852           51892          0          0          0          0
1648314795         12        629            1214           38816          0          0          0          0
1648314805          7        178             738           10998          0          0          0          0
1648314815          4        343             352           20882          0          0          0          0
1648314825          9        908             946           55670          0          0          0          0
1648314836          0        363               0           21780          0          0          0          0
1648314846          3        251             274           16164          0          0          0          0
1648314856          2        374             232           22716          0          0          0          0
1648314866          2        160             232            9894          0          0          0          0
1648314877          5        314             496           19674          0          0          0          0
1648314887         43       1283           40551           77919          0          0          0          0
1648314897         10        928            1140           56304          0          0          0          0
1648314907          0        227               0           14472          0          0          0          0
1648314917         10        239            1028           14918          0          0          0          0
1648314928          4        198             320           11976          0          0          0          0
1648314938          3        656             258           40206          0          0          0          0
1648314948          1        327              78           20210          0          0          0          0
1648314958          3        577             250           34682          0          0          0          0
1648314968          5        203             406           13650          0          0          0          0
1648314978          3        270             242           16270          0          0          0          0
1648314989         11        624             942           38448          0          0          0          0
1648314999          9        489             784           30118          0          0          0          0
1648315009          0        231               0           13860          0          0          0          0
1648315019          2        354             164           22112          0          0          0          0
1648315029          2        725             164           44072          0          0          0          0
1648315039          2        244             164           15248          0          0          0          0
1648315050          1        301              78           18614          0          0          0          0
1648315060          2        859             164           52130          0          0          0          0
1648315070          3        323             250           19724          0          0          0          0
1648315080          0        210               0           13128          0          0          0          0
1648315090          1       1083              42           65808          0          0          0          0
1648315100          7        318             620           19286          0          0          0          0
1648315111          2        239             164           15476          0          0          0          0
1648315121          0        610               0           36864          0          0          0          0
1648315131          0        793               0           47862          0          0          0          0
1648315141          0        278               0           17754          0          0          0          0
