      time tx_packets rx_packets        tx_bytes        rx_bytes  tx_errors tx_dropped rx_frame_errors rx_crc_errors
1648314297          0         13               0             780          0          0          0          0
1648314307          3        120             218            7248          0          0          0          0
1648314317          0        216               0           13788          0          0          0          0
1648314327          0        156               0            9888          0          0          0          0
1648314338          0        600               0           36000          0          0          0          0
1648314348          0        335               0           20928          0          0          0          0
1648314358          0        529               0           32268          0          0          0          0
1648314368        101        478           12179          380896          0          0          0          0
1648314378          2        190             132           11958          0          0          0          0
1648314388          0        651               0           39888          0          0          0          0
1648314399          7        345             620           20906          0          0          0          0
1648314409          0        194               0           12168          0          0          0          0
1648314419         56        325           12208           20664          0          0          0          0
1648314429         15        625            3822           37584          0          0          0          0
1648314439          0        184               0           12132          0          0          0          0
1648314450         14        302            2583           18468          0          0          0          0
1648314460         15        811            2625           49308          0          0          0          0
1648314471         30        246            5330           15764          0          0          0          0
1648314481         30        346            5535           20940          0          0          0          0
1648314496         50       1234            6276           76289          0          0          0          0
1648314514          8        407             964           25302          0          0          0          0
1648314532          0       1020               0           62274          0          0          0          0
1648314548          0        389               0           23622          0          0          0          0
1648314565          0        478               0           30036          0          0          0          0
1648314579          2        336             213           20454          0          0          0          0
1648314594         36       1920           40014          116901          0          0          0          0
1648314609         12       3754            1148          225858          0          0          0          0
1648314623         13        205            1368           13194          0          0          0          0
1648314638         14        684            1362           42060          0          0          0          0
1648314653          6        830             639           50868          0          0          0          0
1648314668         19        341            1910           20804          0          0          0          0
1648314683         19        537            1959           33420          0          0          0          0
1648314697         31        824            3227           50146          0          0          0          0
1648314712          7        409             651           25760          0          0          0          0
1648314727          6        438             696           27024          0          0          0          0
1648314742          1        767              42           46548          0          0          0          0
1648314757          7       1045             738           63564          0          0          0          0
1648314771          4        346             464           21654          0          0          0          0
1648314781          7        338             738           20538          0          0          0          0
1648314791         10       1123            1160           68232          0          0          0          0
1648314802          4        200             464           12588          0          0          0          0
1648314812          2        219             232           13152          0          0          0          0
1648314822          3        476             206           29960          0          0          0          0
1648314832          4        805             464           48324          0          0          0          0
1648314843          5        318             506           19650          0          0          0          0
1648314853          0        195               0           12510          0          0          0          0
1648314863          6        380             686           22836          0          0          0          0
1648314873          5        278             506           17532          0          0          0          0
1648314884          0       1139               0           68868          0          0          0          0
1648314894         45       1043           41067           64001          0          0          0          0
1648314904          9        283             950           17556          0          0          0          0
1648314914          8        246             908           15354          0          0          0          0
1648314925          1        198              42           12162          0          0          0          0
1648314935          0        353               0           21708          0          0          0          0
1648314945          0        598               0           36708          0          0          0          0
1648314955          0        590               0           35400          0          0          0          0
1648314965          0        225               0           14856          0          0          0          0
1648314975          1        228              78           13706          0          0          0          0
1648314986         12        622            1202           37500          0          0          0          0
