      time tx_packets rx_packets        tx_bytes        rx_bytes  tx_errors tx_dropped rx_frame_errors rx_crc_errors
1648314361          0         36               0            2220          0          0          0          0
1648314371         99        431           12002          378016          0          0          0          0
1648314381          0        381               0           23652          0          0          0          0
1648314391          6        671             578           41030          0          0          0          0
1648314402          1        211              42           12660          0          0          0          0
1648314412          0        116               0            8034          0          0          0          0
1648314422         64        336           15568           20820          0          0          0          0
1648314432          1        658              42           39480          0          0          0          0
1648314442         14        164            2583           11280          0          0          0          0
1648314453          0        735               0           44100          0          0          0          0
1648314463         15        419            2625           26052          0          0          0          0
1648314473         24        162            4223           10424          0          0          0          0
1648314484         22        859            3798           51948          0          0          0          0
1648314497         34        670            4940           41228          0          0          0          0
1648314510         15        243            2398           15510          0          0          0          0
1648314528         10       1086            1303           66012          0          0          0          0
1648314546          4        477             240           29196          0          0          0          0
1648314565          0        499               0           31296          0          0          0          0
1648314582          0       1044               0           63648          0          0          0          0
1648314594         41       1221           40465           74441          0          0          0          0
1648314608          2       3741             211          225030          0          0          0          0
1648314623         15        209            1533           13416          0          0          0          0
1648314638         18        686            1917           42096          0          0          0          0
1648314653          5        825             468           50736          0          0          0          0
1648314668          4        332             426           20088          0          0          0          0
1648314683         23        537            2421           33470          0          0          0          0
1648314697         24        820            2471           49674          0          0          0          0
1648314712         20        416            2138           26144          0          0          0          0
1648314726          3        434             255           26880          0          0          0          0
1648314741          6        774             696           47064          0          0          0          0
1648314756          2       1000             232           60780          0          0          0          0
1648314771          7        402             738           24966          0          0          0          0
1648314782          2        344             232           20934          0          0          0          0
1648314792         10       1111            1042           67682          0          0          0          0
1648314802         10        205            1012           12912          0          0          0          0
1648314812          4        225             464           13524          0          0          0          0
1648314823          2        960             232           58968          0          0          0          0
1648314833          6        341             696           20496          0          0          0          0
1648314843          7        320             738           19782          0          0          0          0
1648314854          0        371               0           23070          0          0          0          0
1648314864          4        183             454           11004          0          0          0          0
1648314874         11        282            1182           17808          0          0          0          0
1648314884          2       1137             232           68760          0          0          0          0
1648314894         35       1038           40005           63483          0          0          0          0
1648314905          5        290             496           17952          0          0          0          0
1648314915          4        233             454           14550          0          0          0          0
1648314925          0        192               0           11802          0          0          0          0
1648314935          4        373             454           23052          0          0          0          0
1648314945          4        591             454           36192          0          0          0          0
1648314956          1        591              42           35460          0          0          0          0
1648314966          0        220               0           14556          0          0          0          0
1648314976          2        237             168           14276          0          0          0          0
1648314986          9        638             814           38784          0          0          0          0
1648314996          7        478             620           29906          0          0          0          0
1648315006          0        259               0           15540          0          0          0          0
1648315016          0        332               0           20484          0          0          0          0
1648315027          0        211               0           13452          0          0          0          0
1648315037          0        748               0           45444          0          0          0          0
1648315047          1        163              90           10074          0          0          0          0
1648315057          2        997             164           60392          0          0          0          0
1648315067          0        273               0           17244          0          0          0          0
1648315077          2        270             164           16208          0          0          0          0
1648315088          0       1060               0           64692          0          0          0          0
1648315098          9        338             752           20516          0          0          0          0
1648315108          1        250              90           15840          0          0          0          0
1648315118          0        443               0           27126          0          0          0          0
1648315128          0        887               0           53220          0          0          0          0
1648315138          0        326               0           20652          0          0          0          0
1648315148         22        222            3931           16614          0          0          0          0
