      time tx_packets rx_packets        tx_bytes        rx_bytes  tx_errors tx_dropped rx_frame_errors rx_crc_errors
1648314302          0         10               0             600          0          0          0          0
1648314312          1        196              42           11760          0          0          0          0
1648314322          0        174               0           11532          0          0          0          0
1648314333          0        307               0           18684          0          0          0          0
1648314343          0        419               0           25704          0          0          0          0
1648314353          1        713              78           43598          0          0          0          0
1648314363          1        209              86           12840          0          0          0          0
1648314373         98        442           11960          378454          0          0          0          0
1648314383          0        371               0           23052          0          0          0          0
1648314393          6        654             578           40010          0          0          0          0
1648314404          1        223              42           13380          0          0          0          0
1648314414          0        273               0           17736          0          0          0          0
1648314424         70        177           15964           11028          0          0          0          0
1648314434          0        664               0           40386          0          0          0          0
1648314445         14        159            2583           10434          0          0          0          0
1648314455          6        906            1107           54396          0          0          0          0
1648314465         13        243            2256           15480          0          0          0          0
1648314475         22        207            4059           13080          0          0          0          0
1648314486         20        823            3690           50064          0          0          0          0
1648314498         25        637            3657           38892          0          0          0          0
1648314512         27        262            3857           16762          0          0          0          0
1648314530          4       1091             467           66276          0          0          0          0
1648314548          0        469               0           28704          0          0          0          0
1648314565          0        484               0           30396          0          0          0          0
1648314579          0        340               0           20682          0          0          0          0
1648314592         43       1906           40714          116285          0          0          0          0
1648314607          6       3704             509          223062          0          0          0          0
1648314622          8        253             852           15780          0          0          0          0
1648314637         17        679            1746           41400          0          0          0          0
1648314652          8        785             852           48504          0          0          0          0
1648314667          9        382            1107           23364          0          0          0          0
1648314682         12        522            1020           32456          0          0          0          0
1648314697         45        847            4741           52181          0          0          0          0
1648314712         19        417            1929           26252          0          0          0          0
1648314727          6        448             609           27896          0          0          0          0
1648314741          0        767               0           46428          0          0          0          0
1648314756          3       1007             274           62520          0          0          0          0
1648314771          8        396             928           23358          0          0          0          0
1648314782         12        351            1392           21414          0          0          0          0
1648314792          5       1108             506           67296          0          0          0          0
1648314802          8        202             928           12732          0          0          0          0
1648314812          6        227             584           13670          0          0          0          0
1648314823          6        877             560           54556          0          0          0          0
1648314833          2        402             128           23658          0          0          0          0
1648314843          2        336             232           20718          0          0          0          0
1648314853          5        224             542           14300          0          0          0          0
1648314864          3        332             318           19950          0          0          0          0
1648314874          7        281             728           17724          0          0          0          0
1648314884          4       1139             454           68892          0          0          0          0
1648314894         51       1051           41770           64511          0          0          0          0
1648314904          6        289             538           17892          0          0          0          0
1648314915          4        235             454           14670          0          0          0          0
1648314925          7        199             696           12316          0          0          0          0
1648314935          1        358              86           22026          0          0          0          0
1648314945          0        596               0           36588          0          0          0          0
1648314955          0        592               0           35520          0          0          0          0
1648314966          0        222               0           14676          0          0          0          0
1648314976          1        233              78           14006          0          0          0          0
1648314986          9        626             814           38004          0          0          0          0
