      time tx_packets rx_packets        tx_bytes        rx_bytes  tx_errors tx_dropped rx_frame_errors rx_crc_errors
1648314328          0         22               0            1320          0          0          0          0
1648314338          1        599              42           36222          0          0          0          0
1648314348          0        337               0           20766          0          0          0          0
1648314358          0        529               0           32268          0          0          0          0
1648314369        103        474           12314          380656          0          0          0          0
1648314379          1        224              42           13968          0          0          0          0
1648314389          0        623               0           38208          0          0          0          0
1648314399          7        361             620           21866          0          0          0          0
1648314409          0        171               0           10788          0          0          0          0
1648314419         59        332           15262           21102          0          0          0          0
1648314430          1        635              42           38100          0          0          0          0
1648314440         14        170            2583           11640          0          0          0          0
1648314450          1        291              90           17490          0          0          0          0
1648314460         15        806            2625           49008          0          0          0          0
1648314471         24        239            4428           15276          0          0          0          0
1648314481         24        343            4428           20724          0          0          0          0
1648314495         36       1203            5287           73488          0          0          0          0
1648314511         14        267            1804           16950          0          0          0          0
1648314529          0       1083               0           65772          0          0          0          0
1648314546          0        435               0           26664          0          0          0          0
1648314562          0        490               0           30876          0          0          0          0
1648314577          6        327             558           19554          0          0          0          0
1648314592         44       1959           40695          119735          0          0          0          0
1648314607          5       3708             467          223362          0          0          0          0
1648314622         19        258            1959           16080          0          0          0          0
1648314637         16        672            1704           40980          0          0          0          0
1648314652          4        788             426           48660          0          0          0          0
1648314667         11        376            1107           22620          0          0          0          0
1648314682         26        544            2788           34152          0          0          0          0
1648314697         12        806            1278           48696          0          0          0          0
1648314711         11        414            1145           26052          0          0          0          0
1648314726          6        448             696           27684          0          0          0          0
1648314741          6        776             696           47124          0          0          0          0
1648314752          7        783             738           47580          0          0          0          0
1648314762          2        370             232           23064          0          0          0          0
1648314772          6        274             696           16980          0          0          0          0
1648314783          0        822               0           49320          0          0          0          0
1648314793         15        632            1548           38966          0          0          0          0
1648314803          7        198             738           12480          0          0          0          0
1648314813          2        322             232           19596          0          0          0          0
1648314824          3        919             274           56244          0          0          0          0
1648314834          7        288             728           17316          0          0          0          0
1648314844          2        313             232           19620          0          0          0          0
1648314854          0        376               0           23088          0          0          0          0
1648314865          6        176             686           10596          0          0          0          0
1648314875          9        283             950           18120          0          0          0          0
1648314885          4       1136             454           68448          0          0          0          0
1648314895         39       1116           40392           68193          0          0          0          0
1648314905          4        219             454           13692          0          0          0          0
1648314916          1        230              42           14346          0          0          0          0
1648314926          0        193               0           11862          0          0          0          0
1648314936          0        660               0           40392          0          0          0          0
1648314946          0        332               0           20484          0          0          0          0
1648314956          0        557               0           33420          0          0          0          0
1648314966          0        217               0           14376          0          0          0          0
1648314977          0        234               0           14040          0          0          0          0
1648314987          9        639             770           38766          0          0          0          0
1648314997          8        473             662           29660          0          0          0          0
1648315007          0        254               0           15240          0          0          0          0
