      time tx_packets rx_packets        tx_bytes        rx_bytes  tx_errors tx_dropped rx_frame_errors rx_crc_errors
1648314363          0         22               0            1542          0          0          0          0
1648314373        101        423           12158          377374          0          0          0          0
1648314383          1        392              66           24258          0          0          0          0
1648314393          8        656             710           40160          0          0          0          0
1648314404          0        211               0           12660          0          0          0          0
1648314414          0        281               0           18216          0          0          0          0
1648314424         69        180           15898           11208          0          0          0          0
1648314434          2        664             132           40416          0          0          0          0
1648314444         15        159            2649           10440          0          0          0          0
1648314455          0        807               0           48960          0          0          0          0
1648314465         24        346            4191           21210          0          0          0          0
1648314475         24        211            4428           13332          0          0          0          0
1648314485         24        824            4428           50148          0          0          0          0
1648314499         32        662            4300           40718          0          0          0          0
1648314515         15        400            1866           24660          0          0          0          0
1648314533          1       1057              90           64806          0          0          0          0
1648314551          0        381               0           23124          0          0          0          0
1648314568          4        493             240           30684          0          0          0          0
1648314584          0       1281               0           77952          0          0          0          0
1648314599         42       1080           39983           65897          0          0          0          0
1648314614          5       3688             466          222390          0          0          0          0
1648314629         13        167            1320           10920          0          0          0          0
1648314644         14        849            1491           53076          0          0          0          0
1648314659          9        764             845           45224          0          0          0          0
1648314674         21        341            2208           21740          0          0          0          0
1648314689         34        820            3536           49752          0          0          0          0
1648314704          6        616             639           38232          0          0          0          0
1648314719          8        448             871           26928          0          0          0          0
1648314734          0        801               0           49416          0          0          0          0
1648314748         11        382            1202           23604          0          0          0          0
1648314759          6        849             696           51444          0          0          0          0
1648314770          6        281             696           17160          0          0          0          0
1648314780          3        212             274           13296          0          0          0          0
1648314790          8       1175             810           71510          0          0          0          0
1648314801          7        274             738           17040          0          0          0          0
1648314811          9        222             970           13428          0          0          0          0
1648314821          5        487             542           30566          0          0          0          0
1648314831          3        797             318           47850          0          0          0          0
1648314842          2        309             232           18552          0          0          0          0
1648314852          0        210               0           13956          0          0          0          0
1648314862          9        364             950           21888          0          0          0          0
1648314872          6        240             686           15264          0          0          0          0
1648314882          2       1182             232           71460          0          0          0          0
1648314893         41       1045           40169           63927          0          0          0          0
1648314903          5        277             496           16908          0          0          0          0
1648314913          4        248             454           15432          0          0          0          0
1648314923          4        194             454           12228          0          0          0          0
1648314933          1        359              42           22128          0          0          0          0
1648314944          0        446               0           27528          0          0          0          0
1648314954          0        733               0           43980          0          0          0          0
1648314964          0        226               0           14652          0          0          0          0
1648314974          0        211               0           12924          0          0          0          0
1648314984          8        352             728           21264          0          0          0          0
1648314994          7        784             620           48602          0          0          0          0
1648315005          1        262              42           15720          0          0          0          0
1648315015          0        334               0           20604          0          0          0          0
1648315025          0        195               0           12492          0          0          0          0
1648315035          0        766               0           46242          0          0          0          0
1648315045          0        161               0            9942          0          0          0          0
1648315055          0        961               0           58572          0          0          0          0
1648315065          0        296               0           18204          0          0          0          0
1648315076          0        253               0           15444          0          0          0          0
1648315086          0        828               0           50772          0          0          0          0
1648315096          6        566             578           34166          0          0          0          0
1648315106          0        185               0           11646          0          0          0          0
1648315116          0        467               0           28830          0          0          0          0
1648315126          0        947               0           56820          0          0          0          0
1648315136          0        332               0           20748          0          0          0          0
1648315147          0        202               0           12648          0          0          0          0
1648315157          0        394               0           24204          0          0          0          0
1648315167          0        152               0            9648          0          0          0          0
