      time tx_packets rx_packets        tx_bytes        rx_bytes  tx_errors tx_dropped rx_frame_errors rx_crc_errors
1648314307          0         16               0             900          0          0          0          0
1648314317          1        216              42           13848          0          0          0          0
1648314327          0        154               0            9708          0          0          0          0
1648314337          0        602               0           36120          0          0          0          0
1648314348          0        346               0           21588          0          0          0          0
1648314358          0        529               0           32268          0          0          0          0
1648314369         93        474           11654          380656          0          0          0          0
1648314379          1        224              42           13968          0          0          0          0
1648314389          0        622               0           38208          0          0          0          0
1648314399          6        361             578           21806          0          0          0          0
1648314409          0        171               0           10788          0          0          0          0
1648314419         56        329           12208           20904          0          0          0          0
1648314430         15        649            3822           39024          0          0          0          0
1648314440          0        156               0           10716          0          0          0          0
1648314450         14        307            2583           18504          0          0          0          0
1648314461         14        805            2583           48948          0          0          0          0
1648314471          8        222            1476           14160          0          0          0          0
1648314481         19        342            3363           20688          0          0          0          0
1648314492         26       1106            4526           67284          0          0          0          0
1648314503         22        203            3788           12840          0          0          0          0
1648314522         22        598            2704           36840          0          0          0          0
1648314540          0        985               0           60192          0          0          0          0
1648314557          0        512               0           32076          0          0          0          0
1648314574          0        321               0           19260          0          0          0          0
1648314589         39       1369           39862           84171          0          0          0          0
1648314603          8       4314             789          259334          0          0          0          0
1648314618          7        253             681           16290          0          0          0          0
1648314633         17        358            1697           22292          0          0          0          0
1648314648         13        777            1368           47454          0          0          0          0
1648314662         12        695            1278           42336          0          0          0          0
1648314677          4        334             426           21360          0          0          0          0
1648314692         25       1010            2617           60744          0          0          0          0
1648314707         16        420            1704           26832          0          0          0          0
1648314722         13        441            1406           26382          0          0          0          0
1648314736          4        784             464           48480          0          0          0          0
1648314751         11        860            1183           52224          0          0          0          0
1648314762          6        376             696           23328          0          0          0          0
1648314772          0        274               0           17004          0          0          0          0
1648314782          2        823             232           49392          0          0          0          0
1648314793         15        634            1699           39771          0          0          0          0
1648314803         10        198            1012           12492          0          0          0          0
1648314813          8        229             928           14052          0          0          0          0
1648314823          2        992             164           60656          0          0          0          0
1648314834          2        305             232           18312          0          0          0          0
1648314844          3        317             274           19578          0          0          0          0
1648314854          0        372               0           23130          0          0          0          0
1648314864         11        186            1182           11220          0          0          0          0
1648314874          2        275             232           17604          0          0          0          0
1648314885          4       1136             454           68448          0          0          0          0
1648314895         47       1120           41035           68655          0          0          0          0
1648314905          0        218               0           13428          0          0          0          0
1648314915          4        232             454           14490          0          0          0          0
1648314925          5        199             496           12246          0          0          0          0
1648314936          0        660               0           40392          0          0          0          0
1648314946          0        335               0           20664          0          0          0          0
1648314956          0        552               0           33120          0          0          0          0
1648314966          0        218               0           14436          0          0          0          0
1648314976          0        231               0           13860          0          0          0          0
1648314987          9        639             770           38766          0          0          0          0
1648314997          7        478             620           29960          0          0          0          0
