      time tx_packets rx_packets        tx_bytes        rx_bytes  tx_errors tx_dropped rx_frame_errors rx_crc_errors
1648314352          0        335               0           20484          0          0          0          0
1648314362          1        252              42           15282          0          0          0          0
1648314373         92        426           11588          377506          0          0          0          0
1648314383          0        389               0           24132          0          0          0          0
1648314393          6        656             578           40130          0          0          0          0
1648314403          0        209               0           12540          0          0          0          0
1648314414          0        281               0           18216          0          0          0          0
1648314424         70        185           15964           11502          0          0          0          0
1648314434          0        658               0           40026          0          0          0          0
1648314444         14        161            2583           10554          0          0          0          0
1648314454          0        756               0           45360          0          0          0          0
1648314465         17        393            2994           24504          0          0          0          0
1648314475         22        209            4059           13200          0          0          0          0
1648314485         20        821            3690           49944          0          0          0          0
1648314497         25        635            3657           38772          0          0          0          0
1648314510         16        247            2681           15744          0          0          0          0
1648314529         14       1093            1770           66456          0          0          0          0
1648314547          0        475               0           29064          0          0          0          0
1648314565          0        495               0           31056          0          0          0          0
1648314580          0        766               0           46566          0          0          0          0
1648314592         41       1481           40422           90455          0          0          0          0
1648314607          4       3746             424          225462          0          0          0          0
1648314622          3        202             255           12804          0          0          0          0
1648314637         23        685            2385           41856          0          0          0          0
1648314652          4        783             426           48840          0          0          0          0
1648314667         25        398            2500           23872          0          0          0          0
1648314682         10        526            1016           32684          0          0          0          0
1648314697         22        825            2343           49956          0          0          0          0
1648314712         19        421            1959           26460          0          0          0          0
1648314727          8        447             928           27636          0          0          0          0
1648314742          6        770             696           46764          0          0          0          0
1648314757          7       1045             738           63624          0          0          0          0
1648314768          0        270               0           16668          0          0          0          0
1648314778          8        231             928           14472          0          0          0          0
1648314788          7       1071             738           64824          0          0          0          0
1648314798        573        931           52460           74572          0          0          0          0
1648314809          4        231             464           13884          0          0          0          0
1648314819          7        491             738           30570          0          0          0          0
1648314829          0        738               0           44562          0          0          0          0
1648314839          2        351             232           21072          0          0          0          0
1648314850          1        224              42           14796          0          0          0          0
1648314860          2        365             232           21912          0          0          0          0
1648314870          3        211             274           13236          0          0          0          0
1648314880         12        804            1362           49104          0          0          0          0
1648314891         35       1359           39959           82455          0          0          0          0
1648314901          0        356               0           21906          0          0          0          0
1648314911         17        251            1858           15684          0          0          0          0
1648314921          0        207               0           12984          0          0          0          0
1648314931          1        335              78           20390          0          0          0          0
1648314942          1        468              86           29190          0          0          0          0
1648314952          0        673               0           40380          0          0          0          0
1648314962          0        285               0           17910          0          0          0          0
1648314972          0        169               0           10686          0          0          0          0
1648314982          8        398             728           24024          0          0          0          0
1648314992          7        774             620           47738          0          0          0          0
1648315003          1        248              42           15144          0          0          0          0
1648315013          0        351               0           21624          0          0          0          0
1648315023          0        187               0           11748          0          0          0          0
1648315033          0        776               0           46824          0          0          0          0
1648315043          0        166               0           10524          0          0          0          0
1648315053          0        819               0           49932          0          0          0          0
1648315063          0        413               0           25344          0          0          0          0
1648315074          0        281               0           16860          0          0          0          0
1648315084          0        828               0           50754          0          0          0          0
1648315094          6        536             578           32648          0          0          0          0
