      time tx_packets rx_packets        tx_bytes        rx_bytes  tx_errors tx_dropped rx_frame_errors rx_crc_errors
1648314355          0         14               0             840          0          0          0          0
1648314365          1        208              42           13044          0          0          0          0
1648314375        103        490           12314          381052          0          0          0          0
1648314385          0        615               0           37692          0          0          0          0
1648314395          7        370             620           22970          0          0          0          0
1648314405          0        208               0           12744          0          0          0          0
1648314416          0        279               0           17832          0          0          0          0
1648314426         72        137           16108            8456          0          0          0          0
1648314436          1        663              86           40626          0          0          0          0
1648314446         14        166            2583           10530          0          0          0          0
1648314456          9        897            1554           53870          0          0          0          0
1648314467         16        242            2711           15672          0          0          0          0
1648314477         26        233            4797           14322          0          0          0          0
1648314487         14       1096            2583           66366          0          0          0          0
1648314500         31        333            4290           20900          0          0          0          0
1648314514         18        338            2780           20898          0          0          0          0
1648314532          4       1039             468           63426          0          0          0          0
1648314550          0        405               0           24582          0          0          0          0
1648314568          0        502               0           31476          0          0          0          0
1648314583          0       1268               0           77172          0          0          0          0
1648314594         41        959           40176           58643          0          0          0          0
1648314609          6       3744             638          225486          0          0          0          0
1648314624         12        195            1149           12258          0          0          0          0
1648314639         12        687            1278           42144          0          0          0          0
1648314654          9        834             894           51096          0          0          0          0
1648314669          8        322             852           19608          0          0          0          0
1648314683         25        522            2598           32484          0          0          0          0
1648314698         18        831            1917           50460          0          0          0          0
1648314713         19        538            1929           33182          0          0          0          0
1648314728          4        454             464           29700          0          0          0          0
1648314743          2        603             232           35154          0          0          0          0
1648314758          3       1044             274           63858          0          0          0          0
1648314773          6        357             628           22124          0          0          0          0
1648314783          7        851             738           51078          0          0          0          0
1648314794         14        615            1506           37922          0          0          0          0
1648314804          7        191             738           12042          0          0          0          0
1648314814          7        343             738           20862          0          0          0          0
1648314824          2        893             232           54738          0          0          0          0
1648314835          4        370             464           22152          0          0          0          0
1648314845          2        231             232           14694          0          0          0          0
1648314855          3        374             274           22974          0          0          0          0
1648314865          6        179             686           10758          0          0          0          0
1648314876          0        305               0           19392          0          0          0          0
1648314886         38       1268           40223           77009          0          0          0          0
1648314896          4        940             360           56988          0          0          0          0
1648314906         12        224            1362           14004          0          0          0          0
1648314917          1        236              78           15014          0          0          0          0
1648314927          7        197             660           11876          0          0          0          0
1648314937          5        665             540           40722          0          0          0          0
1648314947          4        326             454           20136          0          0          0          0
1648314957          0        555               0           33300          0          0          0          0
1648314967          0        220               0           14556          0          0          0          0
1648314978          0        235               0           14100          0          0          0          0
1648314988          9        645             770           39402          0          0          0          0
1648314998          6        486             578           30158          0          0          0          0
1648315008          0        234               0           14040          0          0          0          0
1648315018          0        348               0           21708          0          0          0          0
1648315028          0        686               0           41688          0          0          0          0
1648315039          0        281               0           17424          0          0          0          0
1648315049          0        298               0           18144          0          0          0          0
1648315059          0        859               0           52350          0          0          0          0
1648315069          0        287               0           17502          0          0          0          0
1648315079          0        245               0           15228          0          0          0          0
1648315089          0       1055               0           64128          0          0          0          0
1648315100          7        346             620           20966          0          0          0          0
1648315110         36        278            7480           27184          0          0          0          0
