      time tx_packets rx_packets        tx_bytes        rx_bytes  tx_errors tx_dropped rx_frame_errors rx_crc_errors
1648314348          0         21               0            1260          0          0          0          0
1648314358          1        533              42           32508          0          0          0          0
1648314368        104        476           12380          380776          0          0          0          0
1648314378          1        190              42           11664          0          0          0          0
1648314388          0        652               0           40212          0          0          0          0
1648314398          7        345             620           20906          0          0          0          0
1648314409          0        192               0           12048          0          0          0          0
1648314419         50        319           11812           20256          0          0          0          0
1648314429         15        625            3822           37584          0          0          0          0
1648314439          0        184               0           12132          0          0          0          0
1648314449         14        297            2583           18168          0          0          0          0
1648314460         14        811            2583           49308          0          0          0          0
1648314470         19        235            3158           15032          0          0          0          0
1648314480         34        333            6273           20184          0          0          0          0
1648314493         32       1152            4549           70140          0          0          0          0
1648314507         14        232            2063           14828          0          0          0          0
1648314524          5       1104             553           66828          0          0          0          0
1648314541          2        429             213           26844          0          0          0          0
1648314558          3        524             255           32868          0          0          0          0
1648314573          0        301               0           18000          0          0          0          0
1648314586          0       1157               0           71136          0          0          0          0
1648314600         57       1085           41939           65957          0          0          0          0
1648314615         13       3693            1367          222732          0          0          0          0
1648314630          9        189             894           12252          0          0          0          0
1648314645          4        856             426           51876          0          0          0          0
1648314660          0        712               0           43284          0          0          0          0
1648314675         26        350            2688           22428          0          0          0          0
1648314689          6        786             639           47298          0          0          0          0
1648314704         30        643            3121           40130          0          0          0          0
1648314715          7        355             763           21354          0          0          0          0
1648314725          4        223             464           14232          0          0          0          0
1648314736          5        695             554           42282          0          0          0          0
1648314746          2        171             232           10554          0          0          0          0
1648314756          5        970             506           58770          0          0          0          0
1648314767          8        274             928           17016          0          0          0          0
1648314777          6        218             696           13680          0          0          0          0
1648314787          4       1073             464           64932          0          0          0          0
1648314797         10        372             894           23366          0          0          0          0
1648314808          6        227             696           13656          0          0          0          0
1648314818          0        358               0           22290          0          0          0          0
1648314828          4        873             464           52950          0          0          0          0
1648314838          5        355             496           21324          0          0          0          0
1648314849          0        229               0           15096          0          0          0          0
1648314859          2        361             232           21672          0          0          0          0
1648314869          6        210             686           13200          0          0          0          0
1648314879         11        293            1182           18432          0          0          0          0
1648314890         35       1265           39861           76527          0          0          0          0
1648314900          4        963             454           58368          0          0          0          0
1648314910          0        241               0           15252          0          0          0          0
1648314920          7        177             628           11238          0          0          0          0
1648314930          4        246             454           15108          0          0          0          0
1648314941          0        593               0           36612          0          0          0          0
1648314951          0        358               0           21480          0          0          0          0
1648314961          0        588               0           35544          0          0          0          0
1648314971          0        176               0           11652          0          0          0          0
1648314981          0        392               0           23520          0          0          0          0
1648314991         15        782            1348           48362          0          0          0          0
1648315002          0        243               0           14844          0          0          0          0
1648315012          0        203               0           12462          0          0          0          0
1648315022          0        334               0           20850          0          0          0          0
1648315032          0        751               0           45684          0          0          0          0
1648315042          0        193               0           11784          0          0          0          0
1648315052          0        797               0           48612          0          0          0          0
1648315063          0        436               0           26724          0          0          0          0
1648315073          0        281               0           16860          0          0          0          0
1648315083          0        807               0           49494          0          0          0          0
