      time tx_packets rx_packets        tx_bytes        rx_bytes  tx_errors tx_dropped rx_frame_errors rx_crc_errors
1648314355          0         13               0             780          0          0          0          0
1648314365         12        236            2901           17521          0          0          0          0
1648314375         90        464            9323          376959          0          0          0          0
1648314385          0        615               0           37428          0          0          0          0
1648314396          6        364             578           22610          0          0          0          0
1648314406          0        208               0           12744          0          0          0          0
1648314416          0        282               0           18012          0          0          0          0
1648314426         65        173           15646           10784          0          0          0          0
1648314436          1        660              86           40446          0          0          0          0
1648314447         14        177            2583           11232          0          0          0          0
1648314457         12        934            2214           56112          0          0          0          0
1648314467         11        206            1887           13512          0          0          0          0
1648314477         24        251            4223           15500          0          0          0          0
1648314488         20       1116            3690           67644          0          0          0          0
1648314501         31        335            4493           21072          0          0          0          0
1648314516         16        369            2205           22832          0          0          0          0
1648314534          4       1068             467           65460          0          0          0          0
1648314552          0        399               0           24204          0          0          0          0
1648314570          0        496               0           30852          0          0          0          0
1648314585          0       1249               0           76032          0          0          0          0
1648314600         41       1082           40141           66083          0          0          0          0
1648314615          6       3686             557          222504          0          0          0          0
1648314630          8        167             852           10692          0          0          0          0
1648314645         13        871            1320           53304          0          0          0          0
1648314660          6        738             639           44640          0          0          0          0
1648314675         19        361            1910           22994          0          0          0          0
1648314690         22        785            2343           47394          0          0          0          0
1648314705         21        639            2227           39842          0          0          0          0
1648314720         20        459            1966           27730          0          0          0          0
1648314734         10        807            1141           49896          0          0          0          0
1648314748          6        225             696           14040          0          0          0          0
1648314758          1        962              42           58248          0          0          0          0
1648314769          4        289             464           17628          0          0          0          0
1648314779          3        200             274           12576          0          0          0          0
1648314789          7       1077             738           65184          0          0          0          0
1648314800         15        384            1480           24154          0          0          0          0
1648314810          8        221             928           13308          0          0          0          0
1648314820          2        485             232           30468          0          0          0          0
1648314830          3        737             274           44232          0          0          0          0
1648314841          7        359             786           21606          0          0          0          0
1648314851          2        225             232           14868          0          0          0          0
1648314861          1        355              42           21300          0          0          0          0
1648314871          4        246             454           15612          0          0          0          0
1648314882          0        892               0           54048          0          0          0          0
1648314892         45       1327           40714           80603          0          0          0          0
1648314902         10        287            1084           17862          0          0          0          0
1648314912          4        233             454           14532          0          0          0          0
1648314922          7        215             660           13532          0          0          0          0
1648314933          1        354              78           21794          0          0          0          0
1648314943          1        451              86           27906          0          0          0          0
1648314953          0        713               0           42780          0          0          0          0
1648314963          4        246             324           15678          0          0          0          0
1648314973          3        183             258           11622          0          0          0          0
1648314983         10        389             892           23468          0          0          0          0
1648314994          7        782             620           48218          0          0          0          0
1648315004          0        264               0           16104          0          0          0          0
1648315014          0        331               0           20424          0          0          0          0
1648315024          2        197             164           12656          0          0          0          0
1648315034          2        770             164           46526          0          0          0          0
1648315044          1        162              78           10028          0          0          0          0
1648315055          2        875             164           54116          0          0          0          0
1648315065          3        391             242           23314          0          0          0          0
1648315075          2        252             172           15156          0          0          0          0
1648315085          0        828               0           51036          0          0          0          0
1648315095          6        562             578           33926          0          0          0          0
1648315105          1        191              42           11724          0          0          0          0
