#TIME all_pgs_mb huge_pgs_mb Node0_Foreign Node1_Foreign Node0_Local Node1_Local Node0_Other Node1_Other Node0_Free Node1_Free Node0_Used Node1_Used
1648314342 2905505278 2531524618 1562334916 1027283842 274358827 280230598 4149854 6103292 91967.75 93621.36 2801.74 3125.11
1648314352 2905505278 2531524618 1562334916 1027283842 274358879 280230632 4149854 6103292 91968.59 93621.94 2800.27 3125.14
1648314362 2905505278 2531524618 1562334916 1027283842 274358912 280230684 4149854 6103292 91969.66 93621.40 2798.70 3125.68
1648314373 2905505278 2531524618 1562334916 1027283842 274359440 280231111 4149854 6103292 91461.89 93209.73 3307.09 3536.73
1648314383 2905506092 2531525092 1562334916 1027283842 274359647 280231268 4149854 6103292 91356.50 93127.68 3412.05 3618.88
1648314393 2905506092 2531525092 1562334916 1027283842 274359811 280231406 4149854 6103292 91274.53 93063.75 3493.95 3682.71
1648314403 2905506092 2531525092 1562334916 1027283842 274359934 280231482 4149854 6103292 91230.09 93031.78 3539.35 3715.25
1648314414 2905507269 2531525472 1562334916 1027283842 274360604 280231961 4149854 6103292 90523.16 92533.52 4246.29 4213.03
1648314424 2905510676 2531527922 1562334916 1027283842 274362506 280233373 4149854 6103292 87803.71 90487.89 6965.14 6259.16
1648314434 2905514111 2531529592 1562334916 1027283842 274362647 280233546 4149854 6103292 87677.00 90393.03 7091.85 6354.09
1648314444 2905516312 2531530910 1562334916 1027283842 274363869 280236073 4149854 6103292 87293.01 89779.94 7475.84 6967.14
1648314455 2905519862 2531533454 1562334916 1027283842 274364209 280236573 4149854 6103292 87440.39 89905.35 7333.64 6841.23
1648314465 2905522276 2531535156 1562334916 1027283842 274364337 280236675 4149854 6103292 87371.94 89730.43 7395.59 7016.03
1648314475 2905522922 2531535578 1562334916 1027283842 274364450 280236736 4149854 6103292 87307.40 89747.52 7462.04 6997.93
1648314486 2905523737 2531536126 1562334916 1027283842 274365941 280236829 4149854 6103292 85840.34 89680.50 8937.46 7065.96
1648314498 2905523829 2531536186 1562334916 1027283842 274366942 280237589 4149854 6103292 84985.37 88995.88 9783.62 7750.59
1648314514 2905524017 2531536290 1562334916 1027283842 274367469 280239237 4149854 6103292 84599.86 87341.29 10169.53 9405.82
1648314532 2905524017 2531536290 1562334916 1027283842 274367853 280239866 4149854 6103292 84308.81 86843.11 10460.04 9904.46
1648314550 2905524017 2531536290 1562334916 1027283842 274368237 280240283 4149854 6103292 83998.14 86512.06 10771.26 10234.92
1648314567 2905525256 2531536434 1562334916 1027283842 274368701 280240663 4149854 6103292 83645.75 86226.34 11123.11 10519.28
1648314581 2905528777 2531536850 1562334916 1027283842 274369062 280241345 4149854 6103292 83408.97 85747.99 11359.88 11000.18
1648314594 2905532645 2531537314 1562334916 1027283842 274369259 280242268 4149854 6103292 83301.71 85124.86 11467.20 11621.69
1648314609 2905534217 2531537736 1562334916 1027283842 274369352 280242329 4149854 6103292 83278.79 85120.25 11490.06 11625.30
1648314624 2905534912 2531537900 1562334916 1027283842 274369429 280242463 4149854 6103292 83278.96 85054.70 11489.89 11691.80
1648314639 2905535970 2531538084 1562334916 1027283842 274369549 280242594 4149854 6103292 83198.68 85051.87 11569.49 11693.88
1648314654 2905537211 2531538274 1562334916 1027283842 274369653 280242677 4149854 6103292 83161.54 85049.64 11607.31 11696.90
1648314669 2905538101 2531538426 1562334916 1027283842 274369829 280242788 4149854 6103292 83076.50 85021.36 11692.91 11725.69
1648314684 2905538725 2531538508 1562334916 1027283842 274370047 280242965 4149854 6103292 82947.55 84990.85 11821.37 11755.62
1648314699 2905539663 2531538654 1562334916 1027283842 274370149 280243004 4149854 6103292 82943.15 84980.82 11826.34 11765.65
1648314713 2905540134 2531538724 1562334916 1027283842 274370277 280243208 4149854 6103292 82991.69 84836.50 11777.71 11911.00
1648314728 2905540908 2531538856 1562334916 1027283842 274370386 280243290 4149854 6103292 82991.47 84834.70 11777.38 11910.33
1648314743 2905541550 2531538956 1562334916 1027283842 274370464 280243418 4149854 6103292 82982.48 84848.71 11786.38 11911.06
1648314758 2905542468 2531539126 1562334916 1027283842 274370578 280243541 4149854 6103292 82972.21 84831.25 11796.16 11915.21
1648314770 2905542589 2531539148 1562334916 1027283842 274370747 280243566 4149854 6103292 82948.50 84829.30 11819.86 11917.08
1648314780 2905543045 2531539220 1562334916 1027283842 274370929 280243657 4149854 6103292 82973.02 84828.33 11795.83 11918.14
1648314791 2905543939 2531539400 1562334916 1027283842 274371060 280243686 4149854 6103292 82965.23 84828.82 11803.72 11917.64
1648314801 2905544469 2531539486 1562334916 1027283842 274371184 280243772 4149854 6103292 82988.58 84822.27 11780.43 11924.19
1648314811 2905545411 2531539660 1562334916 1027283842 274371306 280243853 4149854 6103292 83024.95 84788.43 11744.46 11958.04
1648314821 2905545553 2531539680 1562334916 1027283842 274371438 280243865 4149854 6103292 83030.24 84837.39 11739.17 11909.08
1648314832 2905545572 2531539684 1562334916 1027283842 274371562 280243890 4149854 6103292 83054.51 84870.90 11713.87 11875.57
1648314842 2905545672 2531539718 1562334916 1027283842 274371685 280243907 4149854 6103292 83071.86 84905.03 11697.64 11841.43
1648314852 2905545831 2531539794 1562334916 1027283842 274371795 280243935 4149854 6103292 83098.86 84932.75 11670.55 11813.71
1648314863 2905545913 2531539826 1562334916 1027283842 274371937 280243959 4149854 6103292 83162.03 84989.43 11606.88 11757.03
1648314873 2905546034 2531539866 1562334916 1027283842 274372053 280244115 4149854 6103292 83176.75 86696.25 11591.71 10050.22
1648314883 2905546158 2531539906 1562334916 1027283842 274372320 280244127 4149854 6103292 84813.65 86695.65 9955.82 10050.81
1648314893 2905546368 2531540020 1562334916 1027283842 274372520 280244320 4149854 6103292 84941.83 88465.09 9826.53 8282.54
1648314903 2905547002 2531540252 1562334916 1027283842 274372694 280244409 4149854 6103292 88201.15 88467.78 6567.21 8279.72
1648314914 2905547395 2531540346 1562334916 1027283842 274372754 280244624 4149854 6103292 89103.57 89137.92 5665.87 7608.54
1648314924 2905548012 2531540672 1562334916 1027283842 274372842 280244640 4149854 6103292 89107.88 89133.25 5662.04 7612.73
1648314934 2905548407 2531540882 1562334916 1027283842 274372931 280244774 4149854 6103292 89108.18 89248.87 5660.35 7497.59
1648314944 2905549136 2531541272 1562334916 1027283842 274373017 280244826 4149854 6103292 89111.17 90702.43 5657.79 6043.54
1648314954 2905549536 2531541476 1562334916 1027283842 274373103 280244843 4149854 6103292 89110.91 90702.34 5658.12 6043.63
1648314964 2905549811 2531541592 1562334916 1027283842 274373188 280244859 4149854 6103292 89111.71 90700.37 5655.25 6045.61
1648314975 2905549824 2531541604 1562334916 1027283842 274373275 280244874 4149854 6103292 89113.49 90700.95 5655.04 6045.52
1648314985 2905550000 2531541710 1562334916 1027283842 274373346 280244898 4149854 6103292 91775.19 93462.59 2993.30 3284.38
1648314995 2905550000 2531541710 1562334916 1027283842 274373398 280244936 4149854 6103292 91777.53 93464.08 2991.41 3282.89
1648315005 2905550000 2531541710 1562334916 1027283842 274373451 280244976 4149854 6103292 91776.81 93465.04 2992.68 3281.96
1648315015 2905550000 2531541710 1562334916 1027283842 274373504 280245013 4149854 6103292 91777.24 93464.39 2992.23 3282.09
1648315025 2905550000 2531541710 1562334916 1027283842 274373557 280245052 4149854 6103292 91777.84 93465.19 2991.17 3281.82
1648315036 2905550000 2531541710 1562334916 1027283842 274373610 280245090 4149854 6103292 91778.35 93465.78 2991.15 3281.19
1648315046 2905550000 2531541710 1562334916 1027283842 274373661 280245130 4149854 6103292 91778.00 93464.27 2990.85 3282.84
1648315056 2905550000 2531541710 1562334916 1027283842 274373702 280245179 4149854 6103292 91779.16 93464.66 2990.29 3281.92
1648315066 2905550000 2531541710 1562334916 1027283842 274373754 280245218 4149854 6103292 91777.66 93465.68 2991.34 3281.34
