#TIME all_pgs_mb huge_pgs_mb Node0_Foreign Node1_Foreign Node0_Local Node1_Local Node0_Other Node1_Other Node0_Free Node1_Free Node0_Used Node1_Used
1648314300 3034013143 2592085030 113154200 23431854 72278169 98611801 212640 442414 91812.95 93127.29 2971.55 3603.66
1648314310 3034013143 2592085030 113154200 23431854 72278203 98611851 212640 442414 91813.44 93127.26 2971.13 3604.21
1648314320 3034013143 2592085030 113154200 23431854 72278238 98611900 212640 442414 91813.58 93125.25 2970.91 3605.70
1648314330 3034013143 2592085030 113154200 23431854 72278273 98611950 212640 442414 91814.90 93127.07 2970.11 3603.88
1648314340 3034013143 2592085030 113154200 23431854 72278309 98612000 212640 442414 91814.92 93125.21 2970.08 3605.73
1648314350 3034013143 2592085030 113154200 23431854 72278343 98612050 212640 442414 91814.09 93125.48 2970.91 3604.97
1648314361 3034013143 2592085030 113154200 23431854 72278378 98612102 212640 442414 91814.07 93124.16 2969.93 3606.35
1648314371 3034013143 2592085030 113154200 23431854 72278828 98612482 212640 442414 91418.26 92698.93 3365.91 4031.94
1648314381 3034013898 2592085494 113154200 23431854 72279036 98612726 212640 442414 91329.28 92586.88 3455.79 4145.02
1648314391 3034013898 2592085494 113154200 23431854 72279192 98612924 212640 442414 91256.20 92480.77 3528.85 4250.13
1648314401 3034013898 2592085494 113154200 23431854 72279264 98613032 212640 442414 91231.23 92439.28 3553.83 4291.15
1648314411 3034013898 2592085494 113154200 23431854 72279593 98613443 212640 442414 91005.33 92173.09 3779.71 4557.88
1648314422 3034016691 2592086940 113154200 23431854 72280580 98614873 212640 442414 89573.83 90230.94 5211.21 6507.15
1648314432 3034020507 2592089328 113154200 23431854 72281311 98615785 212640 442414 88612.78 88917.44 6172.21 7812.89
1648314442 3034023051 2592090774 113154200 23431854 72282061 98616610 212640 442414 88224.29 88460.27 6505.56 8233.42
1648314452 3034026331 2592093056 113154200 23431854 72283119 98617974 212640 442414 88043.86 88236.50 6721.07 8494.32
1648314463 3034028868 2592094946 113154200 23431854 72283436 98618173 212640 442414 88170.60 88273.04 6613.48 8457.79
1648314473 3034030741 2592096312 113154200 23431854 72283562 98618243 212640 442414 88175.92 88322.20 6608.61 8408.62
1648314483 3034031364 2592096742 113154200 23431854 72284844 98618339 212640 442414 86998.62 88116.19 7788.08 8616.25
1648314497 3034033030 2592097200 113154200 23431854 72285050 98621007 212640 442414 86832.93 85671.27 7951.56 11061.68
1648314511 3034033348 2592097364 113154200 23431854 72285705 98621768 212640 442414 86167.77 85084.92 8616.72 11648.16
1648314528 3034033485 2592097402 113154200 23431854 72286623 98622254 212640 442414 85317.83 84740.89 9467.16 11989.44
1648314545 3034033779 2592097448 113154200 23431854 72286877 98622674 212640 442414 85086.66 84469.17 9697.84 12263.27
1648314560 3034035699 2592097596 113154200 23431854 72287120 98623371 212640 442414 84888.18 83982.66 9896.80 12748.16
1648314573 3034038036 2592097852 113154200 23431854 72287683 98623775 212640 442414 84500.73 83714.04 10283.89 13016.91
1648314587 3034041624 2592098392 113154200 23431854 72288388 98623824 212640 442414 84036.23 83701.68 10748.95 13028.93
1648314602 3034042702 2592098686 113154200 23431854 72288535 98623956 212640 442414 83949.62 83711.07 10834.87 13020.55
1648314617 3034043978 2592098934 113154200 23431854 72288581 98624087 212640 442414 83935.82 83691.92 10848.67 13039.05
1648314631 3034044413 2592098996 113154200 23431854 72288642 98624215 212640 442414 83923.86 83671.87 10860.14 13058.04
1648314646 3034045506 2592099174 113154200 23431854 72288685 98624318 212640 442414 83922.38 83643.27 10862.64 13086.57
1648314661 3034046293 2592099292 113154200 23431854 72288789 98624477 212640 442414 83875.02 83644.14 10909.61 13086.69
1648314676 3034046929 2592099396 113154200 23431854 72289003 98624617 212640 442414 83823.02 83583.30 10962.64 13147.53
1648314691 3034047824 2592099492 113154200 23431854 72289208 98624750 212640 442414 83791.77 83540.32 10992.72 13191.15
1648314706 3034048314 2592099566 113154200 23431854 72289352 98624898 212640 442414 83749.46 83539.30 11006.17 13192.12
1648314717 3034049248 2592099706 113154200 23431854 72289470 98624955 212640 442414 83769.00 83531.54 11015.57 13199.29
1648314727 3034049468 2592099736 113154200 23431854 72289627 98624971 212640 442414 83757.28 83530.14 11026.72 13200.69
1648314738 3034050058 2592099838 113154200 23431854 72289792 98624986 212640 442414 83752.88 83530.20 11031.62 13200.62
1648314748 3034051054 2592099976 113154200 23431854 72289931 98625016 212640 442414 83735.54 83526.42 11048.11 13204.65
1648314758 3034051153 2592099986 113154200 23431854 72290055 98625045 212640 442414 83734.91 83522.29 11049.58 13208.53
1648314769 3034051275 2592100026 113154200 23431854 72290180 98625167 212640 442414 83718.30 83515.68 11066.19 13215.75
1648314779 3034052009 2592100170 113154200 23431854 72290256 98625267 212640 442414 83739.12 83504.29 11045.43 13226.53
1648314789 3034052420 2592100246 113154200 23431854 72290440 98625379 212640 442414 83753.37 83532.14 11031.71 13198.69
1648314800 3034053237 2592100422 113154200 23431854 72290563 98625397 212640 442414 83772.75 83557.54 11010.27 13173.29
1648314810 3034053257 2592100430 113154200 23431854 72290688 98625402 212640 442414 83789.21 83569.24 10995.79 13161.59
1648314820 3034053377 2592100446 113154200 23431854 72290956 98625411 212640 442414 83993.31 83581.20 10791.21 13149.62
1648314830 3034053591 2592100580 113154200 23431854 72291097 98625430 212640 442414 85449.41 83609.12 9335.12 13121.70
1648314841 3034054063 2592100792 113154200 23431854 72291220 98625439 212640 442414 85465.11 83645.41 9319.52 13085.42
1648314851 3034054285 2592100854 113154200 23431854 72291342 98625449 212640 442414 85511.76 83655.96 9271.77 13074.86
1648314861 3034054364 2592100876 113154200 23431854 72291465 98625566 212640 442414 85527.47 83837.50 9257.58 12893.93
1648314871 3034054482 2592100910 113154200 23431854 72291582 98625635 212640 442414 85535.82 85492.09 9248.24 11238.73
1648314881 3034054695 2592101056 113154200 23431854 72291958 98625735 212640 442414 88850.00 85665.65 5934.59 11065.78
1648314892 3034055263 2592101334 113154200 23431854 72292060 98625971 212640 442414 89213.47 88384.98 5571.52 8345.94
1648314902 3034056095 2592101746 113154200 23431854 72292149 98626122 212640 442414 89226.45 90030.26 5557.56 6700.68
1648314912 3034056201 2592101766 113154200 23431854 72292236 98626137 212640 442414 89228.43 90028.44 5555.62 6702.50
1648314922 3034056990 2592102266 113154200 23431854 72292322 98626150 212640 442414 89228.52 90027.80 5557.11 6703.63
1648314932 3034057300 2592102422 113154200 23431854 72292410 98626164 212640 442414 89228.62 90027.45 5556.97 6703.48
1648314942 3034057602 2592102612 113154200 23431854 72292494 98626179 212640 442414 89229.92 90027.51 5555.59 6703.43
1648314953 3034057616 2592102626 113154200 23431854 72292582 98626193 212640 442414 89229.59 90026.43 5554.48 6703.91
1648314963 3034057710 2592102678 113154200 23431854 72292667 98626208 212640 442414 89229.48 90027.32 5555.59 6703.50
1648314973 3034057723 2592102690 113154200 23431854 72292757 98626222 212640 442414 89229.80 90027.70 5555.22 6702.63
1648314983 3034057725 2592102692 113154200 23431854 72292828 98626246 212640 442414 91678.56 92922.81 3105.93 3808.61
