time              msgs_alloc        msgs_max          errors            send_count        recv_count        route_count       drop_count        send_length       recv_length       route_length      drop_length      
1648314362        0                 0                 0                 0                 0                 0                 0                 0                 0                 0                 0                
1648314372        0                 0                 0                 0                 0                 0                 0                 0                 0                 0                 0                
1648314382        0                 0                 0                 0                 0                 0                 0                 0                 0                 0                 0                
1648314392        0                 0                 0                 0                 0                 0                 0                 0                 0                 0                 0                
1648314403        0                 0                 0                 0                 0                 0                 0                 0                 0                 0                 0                
1648314413        0                 0                 0                 0                 0                 0                 0                 0                 0                 0                 0                
1648314423        0                 0                 0                 0                 0                 0                 0                 0                 0                 0                 0                
1648314433        0                 0                 0                 0                 0                 0                 0                 0                 0                 0                 0                
1648314443        0                 0                 0                 0                 0                 0                 0                 0                 0                 0                 0                
1648314454        0                 0                 0                 0                 0                 0                 0                 0                 0                 0                 0                
1648314464        0                 0                 0                 0                 0                 0                 0                 0                 0                 0                 0                
1648314474        0                 0                 0                 0                 0                 0                 0                 0                 0                 0                 0                
1648314485        0                 0                 0                 0                 0                 0                 0                 0                 0                 0                 0                
1648314498        0                 0                 0                 0                 0                 0                 0                 0                 0                 0                 0                
1648314510        0                 0                 0                 0                 0                 0                 0                 0                 0                 0                 0                
1648314527        0                 0                 0                 0                 0                 0                 0                 0                 0                 0                 0                
1648314544        0                 0                 0                 0                 0                 0                 0                 0                 0                 0                 0                
1648314561        0                 0                 0                 0                 0                 0                 0                 0                 0                 0                 0                
1648314575        0                 0                 0                 0                 0                 0                 0                 0                 0                 0                 0                
1648314587        0                 0                 0                 0                 0                 0                 0                 0                 0                 0                 0                
1648314602        0                 0                 0                 0                 0                 0                 0                 0                 0                 0                 0                
1648314617        0                 0                 0                 0                 0                 0                 0                 0                 0                 0                 0                
1648314632        0                 0                 0                 0                 0                 0                 0                 0                 0                 0                 0                
1648314647        0                 0                 0                 0                 0                 0                 0                 0                 0                 0                 0                
1648314662        0                 0                 0                 0                 0                 0                 0                 0                 0                 0                 0                
1648314676        0                 0                 0                 0                 0                 0                 0                 0                 0                 0                 0                
1648314691        0                 0                 0                 0                 0                 0                 0                 0                 0                 0                 0                
1648314706        0                 0                 0                 0                 0                 0                 0                 0                 0                 0                 0                
1648314721        0                 0                 0                 0                 0                 0                 0                 0                 0                 0                 0                
1648314733        0                 0                 0                 0                 0                 0                 0                 0                 0                 0                 0                
1648314743        0                 0                 0                 0                 0                 0                 0                 0                 0                 0                 0                
1648314754        0                 0                 0                 0                 0                 0                 0                 0                 0                 0                 0                
1648314764        0                 0                 0                 0                 0                 0                 0                 0                 0                 0                 0                
1648314774        0                 0                 0                 0                 0                 0                 0                 0                 0                 0                 0                
1648314784        0                 0                 0                 0                 0                 0                 0                 0                 0                 0                 0                
1648314795        0                 0                 0                 0                 0                 0                 0                 0                 0                 0                 0                
1648314805        0                 0                 0                 0                 0                 0                 0                 0                 0                 0                 0                
1648314815        0                 0                 0                 0                 0                 0                 0                 0                 0                 0                 0                
1648314825        0                 0                 0                 0                 0                 0                 0                 0                 0                 0                 0                
1648314836        0                 0                 0                 0                 0                 0                 0                 0                 0                 0                 0                
1648314846        0                 0                 0                 0                 0                 0                 0                 0                 0                 0                 0                
1648314856        0                 0                 0                 0                 0                 0                 0                 0                 0                 0                 0                
1648314866        0                 0                 0                 0                 0                 0                 0                 0                 0                 0                 0                
1648314877        0                 0                 0                 0                 0                 0                 0                 0                 0                 0                 0                
1648314887        0                 0                 0                 0                 0                 0                 0                 0                 0                 0                 0                
1648314897        0                 0                 0                 0                 0                 0                 0                 0                 0                 0                 0                
1648314907        0                 0                 0                 0                 0                 0                 0                 0                 0                 0                 0                
1648314917        0                 0                 0                 0                 0                 0                 0                 0                 0                 0                 0                
1648314927        0                 0                 0                 0                 0                 0                 0                 0                 0                 0                 0                
1648314938        0                 0                 0                 0                 0                 0                 0                 0                 0                 0                 0                
1648314948        0                 0                 0                 0                 0                 0                 0                 0                 0                 0                 0                
1648314958        0                 0                 0                 0                 0                 0                 0                 0                 0                 0                 0                
1648314968        0                 0                 0                 0                 0                 0                 0                 0                 0                 0                 0                
1648314978        0                 0                 0                 0                 0                 0                 0                 0                 0                 0                 0                
1648314989        0                 0                 0                 0                 0                 0                 0                 0                 0                 0                 0                
1648314999        0                 0                 0                 0                 0                 0                 0                 0                 0                 0                 0                
1648315009        0                 0                 0                 0                 0                 0                 0                 0                 0                 0                 0                
1648315019        0                 0                 0                 0                 0                 0                 0                 0                 0                 0                 0                
1648315029        0                 0                 0                 0                 0                 0                 0                 0                 0                 0                 0                
1648315039        0                 0                 0                 0                 0                 0                 0                 0                 0                 0                 0                
1648315050        0                 0                 0                 0                 0                 0                 0                 0                 0                 0                 0                
1648315060        0                 0                 0                 0                 0                 0                 0                 0                 0                 0                 0                
1648315070        0                 0                 0                 0                 0                 0                 0                 0                 0                 0                 0                
1648315080        0                 0                 0                 0                 0                 0                 0                 0                 0                 0                 0                
1648315090        0                 0                 0                 0                 0                 0                 0                 0                 0                 0                 0                
1648315100        0                 0                 0                 0                 0                 0                 0                 0                 0                 0                 0                
1648315110        0                 0                 0                 0                 0                 0                 0                 0                 0                 0                 0                
1648315121        0                 0                 0                 0                 0                 0                 0                 0                 0                 0                 0                
1648315131        0                 0                 0                 0                 0                 0                 0                 0                 0                 0                 0                
1648315141        0                 0                 0                 0                 0                 0                 0                 0                 0                 0                 0                
1648315151        0                 0                 0                 0                 0                 0                 0                 0                 0                 0                 0                
