time              msgs_alloc        msgs_max          errors            send_count        recv_count        route_count       drop_count        send_length       recv_length       route_length      drop_length      
1648314363        0                 0                 0                 0                 0                 0                 0                 0                 0                 0                 0                
1648314373        0                 0                 0                 0                 0                 0                 0                 0                 0                 0                 0                
1648314384        0                 0                 0                 0                 0                 0                 0                 0                 0                 0                 0                
1648314394        0                 0                 0                 0                 0                 0                 0                 0                 0                 0                 0                
1648314404        0                 0                 0                 0                 0                 0                 0                 0                 0                 0                 0                
1648314414        0                 0                 0                 0                 0                 0                 0                 0                 0                 0                 0                
1648314424        0                 0                 0                 0                 0                 0                 0                 0                 0                 0                 0                
1648314434        0                 0                 0                 0                 0                 0                 0                 0                 0                 0                 0                
1648314445        0                 0                 0                 0                 0                 0                 0                 0                 0                 0                 0                
1648314455        0                 0                 0                 0                 0                 0                 0                 0                 0                 0                 0                
1648314465        0                 0                 0                 0                 0                 0                 0                 0                 0                 0                 0                
1648314475        0                 0                 0                 0                 0                 0                 0                 0                 0                 0                 0                
1648314486        0                 0                 0                 0                 0                 0                 0                 0                 0                 0                 0                
1648314498        0                 0                 0                 0                 0                 0                 0                 0                 0                 0                 0                
1648314510        0                 0                 0                 0                 0                 0                 0                 0                 0                 0                 0                
1648314527        0                 0                 0                 0                 0                 0                 0                 0                 0                 0                 0                
1648314545        0                 0                 0                 0                 0                 0                 0                 0                 0                 0                 0                
1648314563        0                 0                 0                 0                 0                 0                 0                 0                 0                 0                 0                
1648314578        0                 0                 0                 0                 0                 0                 0                 0                 0                 0                 0                
1648314591        0                 0                 0                 0                 0                 0                 0                 0                 0                 0                 0                
1648314606        0                 0                 0                 0                 0                 0                 0                 0                 0                 0                 0                
1648314621        0                 0                 0                 0                 0                 0                 0                 0                 0                 0                 0                
1648314636        0                 0                 0                 0                 0                 0                 0                 0                 0                 0                 0                
1648314651        0                 0                 0                 0                 0                 0                 0                 0                 0                 0                 0                
1648314666        0                 0                 0                 0                 0                 0                 0                 0                 0                 0                 0                
1648314680        0                 0                 0                 0                 0                 0                 0                 0                 0                 0                 0                
1648314695        0                 0                 0                 0                 0                 0                 0                 0                 0                 0                 0                
1648314710        0                 0                 0                 0                 0                 0                 0                 0                 0                 0                 0                
1648314725        0                 0                 0                 0                 0                 0                 0                 0                 0                 0                 0                
1648314740        0                 0                 0                 0                 0                 0                 0                 0                 0                 0                 0                
1648314750        0                 0                 0                 0                 0                 0                 0                 0                 0                 0                 0                
1648314761        0                 0                 0                 0                 0                 0                 0                 0                 0                 0                 0                
1648314771        0                 0                 0                 0                 0                 0                 0                 0                 0                 0                 0                
1648314781        0                 0                 0                 0                 0                 0                 0                 0                 0                 0                 0                
1648314792        0                 0                 0                 0                 0                 0                 0                 0                 0                 0                 0                
1648314802        0                 0                 0                 0                 0                 0                 0                 0                 0                 0                 0                
1648314812        0                 0                 0                 0                 0                 0                 0                 0                 0                 0                 0                
1648314822        0                 0                 0                 0                 0                 0                 0                 0                 0                 0                 0                
1648314832        0                 0                 0                 0                 0                 0                 0                 0                 0                 0                 0                
1648314843        0                 0                 0                 0                 0                 0                 0                 0                 0                 0                 0                
1648314853        0                 0                 0                 0                 0                 0                 0                 0                 0                 0                 0                
1648314863        0                 0                 0                 0                 0                 0                 0                 0                 0                 0                 0                
1648314873        0                 0                 0                 0                 0                 0                 0                 0                 0                 0                 0                
1648314884        0                 0                 0                 0                 0                 0                 0                 0                 0                 0                 0                
1648314894        0                 0                 0                 0                 0                 0                 0                 0                 0                 0                 0                
1648314904        0                 0                 0                 0                 0                 0                 0                 0                 0                 0                 0                
1648314914        0                 0                 0                 0                 0                 0                 0                 0                 0                 0                 0                
1648314924        0                 0                 0                 0                 0                 0                 0                 0                 0                 0                 0                
1648314934        0                 0                 0                 0                 0                 0                 0                 0                 0                 0                 0                
1648314945        0                 0                 0                 0                 0                 0                 0                 0                 0                 0                 0                
1648314955        0                 0                 0                 0                 0                 0                 0                 0                 0                 0                 0                
1648314965        0                 0                 0                 0                 0                 0                 0                 0                 0                 0                 0                
1648314975        0                 0                 0                 0                 0                 0                 0                 0                 0                 0                 0                
1648314985        0                 0                 0                 0                 0                 0                 0                 0                 0                 0                 0                
1648314995        0                 0                 0                 0                 0                 0                 0                 0                 0                 0                 0                
1648315006        0                 0                 0                 0                 0                 0                 0                 0                 0                 0                 0                
1648315016        0                 0                 0                 0                 0                 0                 0                 0                 0                 0                 0                
1648315026        0                 0                 0                 0                 0                 0                 0                 0                 0                 0                 0                
1648315036        0                 0                 0                 0                 0                 0                 0                 0                 0                 0                 0                
1648315046        0                 0                 0                 0                 0                 0                 0                 0                 0                 0                 0                
1648315056        0                 0                 0                 0                 0                 0                 0                 0                 0                 0                 0                
1648315067        0                 0                 0                 0                 0                 0                 0                 0                 0                 0                 0                
1648315077        0                 0                 0                 0                 0                 0                 0                 0                 0                 0                 0                
1648315087        0                 0                 0                 0                 0                 0                 0                 0                 0                 0                 0                
1648315097        0                 0                 0                 0                 0                 0                 0                 0                 0                 0                 0                
1648315107        0                 0                 0                 0                 0                 0                 0                 0                 0                 0                 0                
1648315117        0                 0                 0                 0                 0                 0                 0                 0                 0                 0                 0                
1648315127        0                 0                 0                 0                 0                 0                 0                 0                 0                 0                 0                
1648315138        0                 0                 0                 0                 0                 0                 0                 0                 0                 0                 0                
1648315148        0                 0                 0                 0                 0                 0                 0                 0                 0                 0                 0                
1648315158        0                 0                 0                 0                 0                 0                 0                 0                 0                 0                 0                
1648315168        0                 0                 0                 0                 0                 0                 0                 0                 0                 0                 0                
