time              msgs_alloc        msgs_max          errors            send_count        recv_count        route_count       drop_count        send_length       recv_length       route_length      drop_length      
1648314328        0                 0                 0                 0                 0                 0                 0                 0                 0                 0                 0                
1648314338        0                 0                 0                 0                 0                 0                 0                 0                 0                 0                 0                
1648314348        0                 0                 0                 0                 0                 0                 0                 0                 0                 0                 0                
1648314359        0                 0                 0                 0                 0                 0                 0                 0                 0                 0                 0                
1648314369        0                 0                 0                 0                 0                 0                 0                 0                 0                 0                 0                
1648314379        0                 0                 0                 0                 0                 0                 0                 0                 0                 0                 0                
1648314389        0                 0                 0                 0                 0                 0                 0                 0                 0                 0                 0                
1648314399        0                 0                 0                 0                 0                 0                 0                 0                 0                 0                 0                
1648314409        0                 0                 0                 0                 0                 0                 0                 0                 0                 0                 0                
1648314419        0                 0                 0                 0                 0                 0                 0                 0                 0                 0                 0                
1648314430        0                 0                 0                 0                 0                 0                 0                 0                 0                 0                 0                
1648314440        0                 0                 0                 0                 0                 0                 0                 0                 0                 0                 0                
1648314450        0                 0                 0                 0                 0                 0                 0                 0                 0                 0                 0                
1648314461        0                 0                 0                 0                 0                 0                 0                 0                 0                 0                 0                
1648314471        0                 0                 0                 0                 0                 0                 0                 0                 0                 0                 0                
1648314481        0                 0                 0                 0                 0                 0                 0                 0                 0                 0                 0                
1648314493        0                 0                 0                 0                 0                 0                 0                 0                 0                 0                 0                
1648314506        0                 0                 0                 0                 0                 0                 0                 0                 0                 0                 0                
1648314525        0                 0                 0                 0                 0                 0                 0                 0                 0                 0                 0                
1648314542        0                 0                 0                 0                 0                 0                 0                 0                 0                 0                 0                
1648314561        0                 0                 0                 0                 0                 0                 0                 0                 0                 0                 0                
1648314578        0                 0                 0                 0                 0                 0                 0                 0                 0                 0                 0                
1648314591        0                 0                 0                 0                 0                 0                 0                 0                 0                 0                 0                
1648314605        0                 0                 0                 0                 0                 0                 0                 0                 0                 0                 0                
1648314620        0                 0                 0                 0                 0                 0                 0                 0                 0                 0                 0                
1648314635        0                 0                 0                 0                 0                 0                 0                 0                 0                 0                 0                
1648314650        0                 0                 0                 0                 0                 0                 0                 0                 0                 0                 0                
1648314665        0                 0                 0                 0                 0                 0                 0                 0                 0                 0                 0                
1648314680        0                 0                 0                 0                 0                 0                 0                 0                 0                 0                 0                
1648314695        0                 0                 0                 0                 0                 0                 0                 0                 0                 0                 0                
1648314709        0                 0                 0                 0                 0                 0                 0                 0                 0                 0                 0                
1648314724        0                 0                 0                 0                 0                 0                 0                 0                 0                 0                 0                
1648314739        0                 0                 0                 0                 0                 0                 0                 0                 0                 0                 0                
1648314751        0                 0                 0                 0                 0                 0                 0                 0                 0                 0                 0                
1648314762        0                 0                 0                 0                 0                 0                 0                 0                 0                 0                 0                
1648314772        0                 0                 0                 0                 0                 0                 0                 0                 0                 0                 0                
1648314783        0                 0                 0                 0                 0                 0                 0                 0                 0                 0                 0                
1648314793        0                 0                 0                 0                 0                 0                 0                 0                 0                 0                 0                
1648314803        0                 0                 0                 0                 0                 0                 0                 0                 0                 0                 0                
1648314813        0                 0                 0                 0                 0                 0                 0                 0                 0                 0                 0                
1648314824        0                 0                 0                 0                 0                 0                 0                 0                 0                 0                 0                
1648314834        0                 0                 0                 0                 0                 0                 0                 0                 0                 0                 0                
1648314844        0                 0                 0                 0                 0                 0                 0                 0                 0                 0                 0                
1648314854        0                 0                 0                 0                 0                 0                 0                 0                 0                 0                 0                
1648314864        0                 0                 0                 0                 0                 0                 0                 0                 0                 0                 0                
1648314875        0                 0                 0                 0                 0                 0                 0                 0                 0                 0                 0                
1648314885        0                 0                 0                 0                 0                 0                 0                 0                 0                 0                 0                
1648314895        0                 0                 0                 0                 0                 0                 0                 0                 0                 0                 0                
1648314905        0                 0                 0                 0                 0                 0                 0                 0                 0                 0                 0                
1648314916        0                 0                 0                 0                 0                 0                 0                 0                 0                 0                 0                
1648314926        0                 0                 0                 0                 0                 0                 0                 0                 0                 0                 0                
1648314936        0                 0                 0                 0                 0                 0                 0                 0                 0                 0                 0                
1648314946        0                 0                 0                 0                 0                 0                 0                 0                 0                 0                 0                
1648314956        0                 0                 0                 0                 0                 0                 0                 0                 0                 0                 0                
1648314966        0                 0                 0                 0                 0                 0                 0                 0                 0                 0                 0                
1648314977        0                 0                 0                 0                 0                 0                 0                 0                 0                 0                 0                
1648314987        0                 0                 0                 0                 0                 0                 0                 0                 0                 0                 0                
1648314997        0                 0                 0                 0                 0                 0                 0                 0                 0                 0                 0                
1648315007        0                 0                 0                 0                 0                 0                 0                 0                 0                 0                 0                
1648315017        0                 0                 0                 0                 0                 0                 0                 0                 0                 0                 0                
