TIMESTAMP        home1-RQ         home1-RD         home1-WR         work2-RQ         work2-RD         work2-WR         scratch1-RQ      scratch1-RD      scratch1-WR      scratch2-RQ      scratch2-RD      scratch2-WR      scratch3-RQ      scratch3-RD      scratch3-WR      
1648314361        0                0                 0                0                 0                0                 0                0                 0                0                 0                0                 0                0                 0                
1648314371        0                0                 0                0                 0                0                 0                0                 0                0                 0                0                 0                0                 0                
1648314381        0                0                 0                0                 0                0                 0                0                 0                0                 0                0                 0                0                 0                
1648314391        0                0                 0                0                 0                0                 0                0                 0                0                 0                0                 0                0                 0                
1648314402        0                0                 0                0                 0                0                 0                0                 0                0                 0                0                 0                0                 0                
1648314412        0                0                 0                0                 0                0                 0                0                 0                0                 0                0                 0                0                 0                
1648314422        0                0                 0                0                 0                0                 0                0                 0                0                 0                0                 0                0                 0                
1648314432        0                0                 0                0                 0                0                 0                0                 0                0                 0                0                 0                0                 0                
1648314442        0                0                 0                0                 0                0                 0                0                 0                0                 0                0                 0                0                 0                
1648314453        0                0                 0                0                 0                0                 0                0                 0                0                 0                0                 0                0                 0                
1648314463        0                0                 0                0                 0                0                 0                0                 0                0                 0                0                 0                0                 0                
1648314473        0                0                 0                0                 0                0                 0                0                 0                0                 0                0                 0                0                 0                
1648314484        0                0                 0                0                 0                0                 0                0                 0                0                 0                0                 0                0                 0                
1648314497        0                0                 0                0                 0                0                 0                0                 0                0                 0                0                 0                0                 0                
1648314510        0                0                 0                0                 0                0                 0                0                 0                0                 0                0                 0                0                 0                
1648314528        0                0                 0                0                 0                0                 0                0                 0                0                 0                0                 0                0                 0                
1648314546        0                0                 0                0                 0                0                 0                0                 0                0                 0                0                 0                0                 0                
1648314564        0                0                 0                0                 0                0                 0                0                 0                0                 0                0                 0                0                 0                
1648314582        0                0                 0                0                 0                0                 0                0                 0                0                 0                0                 0                0                 0                
1648314594        0                0                 0                0                 0                0                 0                0                 0                0                 0                0                 0                0                 0                
1648314607        0                0                 0                0                 0                0                 0                0                 0                0                 0                0                 0                0                 0                
1648314622        0                0                 0                0                 0                0                 0                0                 0                0                 0                0                 0                0                 0                
1648314637        0                0                 0                0                 0                0                 0                0                 0                0                 0                0                 0                0                 0                
1648314652        0                0                 0                0                 0                0                 0                0                 0                0                 0                0                 0                0                 0                
1648314667        0                0                 0                0                 0                0                 0                0                 0                0                 0                0                 0                0                 0                
1648314682        0                0                 0                0                 0                0                 0                0                 0                0                 0                0                 0                0                 0                
1648314696        0                0                 0                0                 0                0                 0                0                 0                0                 0                0                 0                0                 0                
1648314711        0                0                 0                0                 0                0                 0                0                 0                0                 0                0                 0                0                 0                
1648314726        0                0                 0                0                 0                0                 0                0                 0                0                 0                0                 0                0                 0                
1648314740        0                0                 0                0                 0                0                 0                0                 0                0                 0                0                 0                0                 0                
1648314755        0                0                 0                0                 0                0                 0                0                 0                0                 0                0                 0                0                 0                
1648314770        0                0                 0                0                 0                0                 0                0                 0                0                 0                0                 0                0                 0                
1648314782        0                0                 0                0                 0                0                 0                0                 0                0                 0                0                 0                0                 0                
1648314792        0                0                 0                0                 0                0                 0                0                 0                0                 0                0                 0                0                 0                
1648314802        0                0                 0                0                 0                0                 0                0                 0                0                 0                0                 0                0                 0                
1648314812        0                0                 0                0                 0                0                 0                0                 0                0                 0                0                 0                0                 0                
1648314823        0                0                 0                0                 0                0                 0                0                 0                0                 0                0                 0                0                 0                
1648314833        0                0                 0                0                 0                0                 0                0                 0                0                 0                0                 0                0                 0                
1648314843        0                0                 0                0                 0                0                 0                0                 0                0                 0                0                 0                0                 0                
1648314853        0                0                 0                0                 0                0                 0                0                 0                0                 0                0                 0                0                 0                
1648314864        0                0                 0                0                 0                0                 0                0                 0                0                 0                0                 0                0                 0                
1648314874        0                0                 0                0                 0                0                 0                0                 0                0                 0                0                 0                0                 0                
1648314884        0                0                 0                0                 0                0                 0                0                 0                0                 0                0                 0                0                 0                
1648314894        0                0                 0                0                 0                0                 0                0                 0                0                 0                0                 0                0                 0                
1648314905        0                0                 0                0                 0                0                 0                0                 0                0                 0                0                 0                0                 0                
1648314915        0                0                 0                0                 0                0                 0                0                 0                0                 0                0                 0                0                 0                
1648314925        0                0                 0                0                 0                0                 0                0                 0                0                 0                0                 0                0                 0                
1648314935        0                0                 0                0                 0                0                 0                0                 0                0                 0                0                 0                0                 0                
1648314945        0                0                 0                0                 0                0                 0                0                 0                0                 0                0                 0                0                 0                
1648314955        0                0                 0                0                 0                0                 0                0                 0                0                 0                0                 0                0                 0                
1648314966        0                0                 0                0                 0                0                 0                0                 0                0                 0                0                 0                0                 0                
1648314976        0                0                 0                0                 0                0                 0                0                 0                0                 0                0                 0                0                 0                
1648314986        0                0                 0                0                 0                0                 0                0                 0                0                 0                0                 0                0                 0                
1648314996        0                0                 0                0                 0                0                 0                0                 0                0                 0                0                 0                0                 0                
1648315006        0                0                 0                0                 0                0                 0                0                 0                0                 0                0                 0                0                 0                
1648315016        0                0                 0                0                 0                0                 0                0                 0                0                 0                0                 0                0                 0                
1648315027        0                0                 0                0                 0                0                 0                0                 0                0                 0                0                 0                0                 0                
1648315037        0                0                 0                0                 0                0                 0                0                 0                0                 0                0                 0                0                 0                
1648315047        0                0                 0                0                 0                0                 0                0                 0                0                 0                0                 0                0                 0                
1648315057        0                0                 0                0                 0                0                 0                0                 0                0                 0                0                 0                0                 0                
1648315067        0                0                 0                0                 0                0                 0                0                 0                0                 0                0                 0                0                 0                
1648315077        0                0                 0                0                 0                0                 0                0                 0                0                 0                0                 0                0                 0                
1648315087        0                0                 0                0                 0                0                 0                0                 0                0                 0                0                 0                0                 0                
1648315098        0                0                 0                0                 0                0                 0                0                 0                0                 0                0                 0                0                 0                
1648315108        0                0                 0                0                 0                0                 0                0                 0                0                 0                0                 0                0                 0                
1648315118        0                0                 0                0                 0                0                 0                0                 0                0                 0                0                 0                0                 0                
1648315128        0                0                 0                0                 0                0                 0                0                 0                0                 0                0                 0                0                 0                
1648315138        0                0                 0                0                 0                0                 0                0                 0                0                 0                0                 0                0                 0                
1648315148        0                0                 0                0                 0                0                 0                0                 0                0                 0                0                 0                0                 0                
