TIMESTAMP        home1-RQ         home1-RD         home1-WR         work2-RQ         work2-RD         work2-WR         scratch1-RQ      scratch1-RD      scratch1-WR      scratch2-RQ      scratch2-RD      scratch2-WR      scratch3-RQ      scratch3-RD      scratch3-WR      
1648314364        0                0                 0                0                 0                0                 0                0                 0                0                 0                0                 0                0                 0                
1648314374        0                0                 0                0                 0                0                 0                0                 0                0                 0                0                 0                0                 0                
1648314384        0                0                 0                0                 0                0                 0                0                 0                0                 0                0                 0                0                 0                
1648314394        0                0                 0                0                 0                0                 0                0                 0                0                 0                0                 0                0                 0                
1648314404        0                0                 0                0                 0                0                 0                0                 0                0                 0                0                 0                0                 0                
1648314415        0                0                 0                0                 0                0                 0                0                 0                0                 0                0                 0                0                 0                
1648314425        0                0                 0                0                 0                0                 0                0                 0                0                 0                0                 0                0                 0                
1648314435        0                0                 0                0                 0                0                 0                0                 0                0                 0                0                 0                0                 0                
1648314445        0                0                 0                0                 0                0                 0                0                 0                0                 0                0                 0                0                 0                
1648314456        0                0                 0                0                 0                0                 0                0                 0                0                 0                0                 0                0                 0                
1648314466        0                0                 0                0                 0                0                 0                0                 0                0                 0                0                 0                0                 0                
1648314476        0                0                 0                0                 0                0                 0                0                 0                0                 0                0                 0                0                 0                
1648314486        0                0                 0                0                 0                0                 0                0                 0                0                 0                0                 0                0                 0                
1648314498        0                0                 0                0                 0                0                 0                0                 0                0                 0                0                 0                0                 0                
1648314513        0                0                 0                0                 0                0                 0                0                 0                0                 0                0                 0                0                 0                
1648314531        0                0                 0                0                 0                0                 0                0                 0                0                 0                0                 0                0                 0                
1648314549        0                0                 0                0                 0                0                 0                0                 0                0                 0                0                 0                0                 0                
1648314567        0                0                 0                0                 0                0                 0                0                 0                0                 0                0                 0                0                 0                
1648314582        0                0                 0                0                 0                0                 0                0                 0                0                 0                0                 0                0                 0                
1648314593        0                0                 0                0                 0                0                 0                0                 0                0                 0                0                 0                0                 0                
1648314608        0                0                 0                0                 0                0                 0                0                 0                0                 0                0                 0                0                 0                
1648314623        0                0                 0                0                 0                0                 0                0                 0                0                 0                0                 0                0                 0                
1648314638        0                0                 0                0                 0                0                 0                0                 0                0                 0                0                 0                0                 0                
1648314653        0                0                 0                0                 0                0                 0                0                 0                0                 0                0                 0                0                 0                
1648314667        0                0                 0                0                 0                0                 0                0                 0                0                 0                0                 0                0                 0                
1648314682        0                0                 0                0                 0                0                 0                0                 0                0                 0                0                 0                0                 0                
1648314697        0                0                 0                0                 0                0                 0                0                 0                0                 0                0                 0                0                 0                
1648314712        0                0                 0                0                 0                0                 0                0                 0                0                 0                0                 0                0                 0                
1648314727        0                0                 0                0                 0                0                 0                0                 0                0                 0                0                 0                0                 0                
1648314742        0                0                 0                0                 0                0                 0                0                 0                0                 0                0                 0                0                 0                
1648314756        0                0                 0                0                 0                0                 0                0                 0                0                 0                0                 0                0                 0                
1648314768        0                0                 0                0                 0                0                 0                0                 0                0                 0                0                 0                0                 0                
1648314778        0                0                 0                0                 0                0                 0                0                 0                0                 0                0                 0                0                 0                
1648314789        0                0                 0                0                 0                0                 0                0                 0                0                 0                0                 0                0                 0                
1648314799        0                0                 0                0                 0                0                 0                0                 0                0                 0                0                 0                0                 0                
1648314809        0                0                 0                0                 0                0                 0                0                 0                0                 0                0                 0                0                 0                
1648314819        0                0                 0                0                 0                0                 0                0                 0                0                 0                0                 0                0                 0                
1648314830        0                0                 0                0                 0                0                 0                0                 0                0                 0                0                 0                0                 0                
1648314840        0                0                 0                0                 0                0                 0                0                 0                0                 0                0                 0                0                 0                
1648314850        0                0                 0                0                 0                0                 0                0                 0                0                 0                0                 0                0                 0                
1648314860        0                0                 0                0                 0                0                 0                0                 0                0                 0                0                 0                0                 0                
1648314871        0                0                 0                0                 0                0                 0                0                 0                0                 0                0                 0                0                 0                
1648314881        0                0                 0                0                 0                0                 0                0                 0                0                 0                0                 0                0                 0                
1648314891        0                0                 0                0                 0                0                 0                0                 0                0                 0                0                 0                0                 0                
1648314901        0                0                 0                0                 0                0                 0                0                 0                0                 0                0                 0                0                 0                
1648314911        0                0                 0                0                 0                0                 0                0                 0                0                 0                0                 0                0                 0                
1648314922        0                0                 0                0                 0                0                 0                0                 0                0                 0                0                 0                0                 0                
1648314932        0                0                 0                0                 0                0                 0                0                 0                0                 0                0                 0                0                 0                
1648314942        0                0                 0                0                 0                0                 0                0                 0                0                 0                0                 0                0                 0                
1648314952        0                0                 0                0                 0                0                 0                0                 0                0                 0                0                 0                0                 0                
1648314962        0                0                 0                0                 0                0                 0                0                 0                0                 0                0                 0                0                 0                
1648314973        0                0                 0                0                 0                0                 0                0                 0                0                 0                0                 0                0                 0                
1648314983        0                0                 0                0                 0                0                 0                0                 0                0                 0                0                 0                0                 0                
1648314993        0                0                 0                0                 0                0                 0                0                 0                0                 0                0                 0                0                 0                
1648315003        0                0                 0                0                 0                0                 0                0                 0                0                 0                0                 0                0                 0                
1648315013        0                0                 0                0                 0                0                 0                0                 0                0                 0                0                 0                0                 0                
1648315023        0                0                 0                0                 0                0                 0                0                 0                0                 0                0                 0                0                 0                
1648315033        0                0                 0                0                 0                0                 0                0                 0                0                 0                0                 0                0                 0                
1648315044        0                0                 0                0                 0                0                 0                0                 0                0                 0                0                 0                0                 0                
1648315054        0                0                 0                0                 0                0                 0                0                 0                0                 0                0                 0                0                 0                
1648315064        0                0                 0                0                 0                0                 0                0                 0                0                 0                0                 0                0                 0                
1648315074        0                0                 0                0                 0                0                 0                0                 0                0                 0                0                 0                0                 0                
1648315084        0                0                 0                0                 0                0                 0                0                 0                0                 0                0                 0                0                 0                
1648315094        0                0                 0                0                 0                0                 0                0                 0                0                 0                0                 0                0                 0                
1648315104        0                0                 0                0                 0                0                 0                0                 0                0                 0                0                 0                0                 0                
1648315115        0                0                 0                0                 0                0                 0                0                 0                0                 0                0                 0                0                 0                
1648315125        0                0                 0                0                 0                0                 0                0                 0                0                 0                0                 0                0                 0                
1648315135        0                0                 0                0                 0                0                 0                0                 0                0                 0                0                 0                0                 0                
1648315145        0                0                 0                0                 0                0                 0                0                 0                0                 0                0                 0                0                 0                
1648315155        0                0                 0                0                 0                0                 0                0                 0                0                 0                0                 0                0                 0                
1648315165        0                0                 0                0                 0                0                 0                0                 0                0                 0                0                 0                0                 0                
