TIMESTAMP        home1-RQ         home1-RD         home1-WR         work2-RQ         work2-RD         work2-WR         scratch1-RQ      scratch1-RD      scratch1-WR      scratch2-RQ      scratch2-RD      scratch2-WR      scratch3-RQ      scratch3-RD      scratch3-WR      
1648314361        0                0                 0                0                 0                0                 0                0                 0                0                 0                0                 0                0                 0                
1648314371        0                0                 0                0                 0                0                 0                0                 0                0                 0                0                 0                0                 0                
1648314381        0                0                 0                0                 0                0                 0                0                 0                0                 0                0                 0                0                 0                
1648314392        0                0                 0                0                 0                0                 0                0                 0                0                 0                0                 0                0                 0                
1648314402        0                0                 0                0                 0                0                 0                0                 0                0                 0                0                 0                0                 0                
1648314413        0                0                 0                0                 0                0                 0                0                 0                0                 0                0                 0                0                 0                
1648314423        0                0                 0                0                 0                0                 0                0                 0                0                 0                0                 0                0                 0                
1648314433        0                0                 0                0                 0                0                 0                0                 0                0                 0                0                 0                0                 0                
1648314443        0                0                 0                0                 0                0                 0                0                 0                0                 0                0                 0                0                 0                
1648314453        0                0                 0                0                 0                0                 0                0                 0                0                 0                0                 0                0                 0                
1648314464        0                0                 0                0                 0                0                 0                0                 0                0                 0                0                 0                0                 0                
1648314474        0                0                 0                0                 0                0                 0                0                 0                0                 0                0                 0                0                 0                
1648314484        0                0                 0                0                 0                0                 0                0                 0                0                 0                0                 0                0                 0                
1648314499        0                0                 0                0                 0                0                 0                0                 0                0                 0                0                 0                0                 0                
1648314513        0                0                 0                0                 0                0                 0                0                 0                0                 0                0                 0                0                 0                
1648314531        0                0                 0                0                 0                0                 0                0                 0                0                 0                0                 0                0                 0                
1648314549        0                0                 0                0                 0                0                 0                0                 0                0                 0                0                 0                0                 0                
1648314567        0                0                 0                0                 0                0                 0                0                 0                0                 0                0                 0                0                 0                
1648314585        0                0                 0                0                 0                0                 0                0                 0                0                 0                0                 0                0                 0                
1648314599        0                0                 0                0                 0                0                 0                0                 0                0                 0                0                 0                0                 0                
1648314614        0                0                 0                0                 0                0                 0                0                 0                0                 0                0                 0                0                 0                
1648314629        0                0                 0                0                 0                0                 0                0                 0                0                 0                0                 0                0                 0                
1648314644        0                0                 0                0                 0                0                 0                0                 0                0                 0                0                 0                0                 0                
1648314659        0                0                 0                0                 0                0                 0                0                 0                0                 0                0                 0                0                 0                
1648314674        0                0                 0                0                 0                0                 0                0                 0                0                 0                0                 0                0                 0                
1648314688        0                0                 0                0                 0                0                 0                0                 0                0                 0                0                 0                0                 0                
1648314703        0                0                 0                0                 0                0                 0                0                 0                0                 0                0                 0                0                 0                
1648314718        0                0                 0                0                 0                0                 0                0                 0                0                 0                0                 0                0                 0                
1648314733        0                0                 0                0                 0                0                 0                0                 0                0                 0                0                 0                0                 0                
1648314745        0                0                 0                0                 0                0                 0                0                 0                0                 0                0                 0                0                 0                
1648314755        0                0                 0                0                 0                0                 0                0                 0                0                 0                0                 0                0                 0                
1648314766        0                0                 0                0                 0                0                 0                0                 0                0                 0                0                 0                0                 0                
1648314776        0                0                 0                0                 0                0                 0                0                 0                0                 0                0                 0                0                 0                
1648314786        0                0                 0                0                 0                0                 0                0                 0                0                 0                0                 0                0                 0                
1648314796        0                0                 0                0                 0                0                 0                0                 0                0                 0                0                 0                0                 0                
1648314807        0                0                 0                0                 0                0                 0                0                 0                0                 0                0                 0                0                 0                
1648314817        0                0                 0                0                 0                0                 0                0                 0                0                 0                0                 0                0                 0                
1648314827        0                0                 0                0                 0                0                 0                0                 0                0                 0                0                 0                0                 0                
1648314837        0                0                 0                0                 0                0                 0                0                 0                0                 0                0                 0                0                 0                
1648314848        0                0                 0                0                 0                0                 0                0                 0                0                 0                0                 0                0                 0                
1648314858        0                0                 0                0                 0                0                 0                0                 0                0                 0                0                 0                0                 0                
1648314868        0                0                 0                0                 0                0                 0                0                 0                0                 0                0                 0                0                 0                
1648314878        0                0                 0                0                 0                0                 0                0                 0                0                 0                0                 0                0                 0                
1648314889        0                0                 0                0                 0                0                 0                0                 0                0                 0                0                 0                0                 0                
1648314899        0                0                 0                0                 0                0                 0                0                 0                0                 0                0                 0                0                 0                
1648314909        0                0                 0                0                 0                0                 0                0                 0                0                 0                0                 0                0                 0                
1648314919        0                0                 0                0                 0                0                 0                0                 0                0                 0                0                 0                0                 0                
1648314929        0                0                 0                0                 0                0                 0                0                 0                0                 0                0                 0                0                 0                
1648314940        0                0                 0                0                 0                0                 0                0                 0                0                 0                0                 0                0                 0                
1648314950        0                0                 0                0                 0                0                 0                0                 0                0                 0                0                 0                0                 0                
1648314960        0                0                 0                0                 0                0                 0                0                 0                0                 0                0                 0                0                 0                
1648314970        0                0                 0                0                 0                0                 0                0                 0                0                 0                0                 0                0                 0                
1648314980        0                0                 0                0                 0                0                 0                0                 0                0                 0                0                 0                0                 0                
1648314990        0                0                 0                0                 0                0                 0                0                 0                0                 0                0                 0                0                 0                
1648315001        0                0                 0                0                 0                0                 0                0                 0                0                 0                0                 0                0                 0                
1648315011        0                0                 0                0                 0                0                 0                0                 0                0                 0                0                 0                0                 0                
1648315021        0                0                 0                0                 0                0                 0                0                 0                0                 0                0                 0                0                 0                
1648315031        0                0                 0                0                 0                0                 0                0                 0                0                 0                0                 0                0                 0                
1648315041        0                0                 0                0                 0                0                 0                0                 0                0                 0                0                 0                0                 0                
1648315051        0                0                 0                0                 0                0                 0                0                 0                0                 0                0                 0                0                 0                
1648315062        0                0                 0                0                 0                0                 0                0                 0                0                 0                0                 0                0                 0                
1648315072        0                0                 0                0                 0                0                 0                0                 0                0                 0                0                 0                0                 0                
1648315082        0                0                 0                0                 0                0                 0                0                 0                0                 0                0                 0                0                 0                
1648315092        0                0                 0                0                 0                0                 0                0                 0                0                 0                0                 0                0                 0                
1648315102        0                0                 0                0                 0                0                 0                0                 0                0                 0                0                 0                0                 0                
1648315112        0                0                 0                0                 0                0                 0                0                 0                0                 0                0                 0                0                 0                
1648315123        0                0                 0                0                 0                0                 0                0                 0                0                 0                0                 0                0                 0                
1648315133        0                0                 0                0                 0                0                 0                0                 0                0                 0                0                 0                0                 0                
1648315143        0                0                 0                0                 0                0                 0                0                 0                0                 0                0                 0                0                 0                
1648315153        0                0                 0                0                 0                0                 0                0                 0                0                 0                0                 0                0                 0                
