TIMESTAMP        home1-RQ         home1-RD         home1-WR         work2-RQ         work2-RD         work2-WR         scratch1-RQ      scratch1-RD      scratch1-WR      scratch2-RQ      scratch2-RD      scratch2-WR      scratch3-RQ      scratch3-RD      scratch3-WR      
1648314365        0                0                 0                0                 0                0                 0                0                 0                0                 0                0                 0                0                 0                
1648314375        0                0                 0                0                 0                0                 0                0                 0                0                 0                0                 0                0                 0                
1648314385        0                0                 0                0                 0                0                 0                0                 0                0                 0                0                 0                0                 0                
1648314395        0                0                 0                0                 0                0                 0                0                 0                0                 0                0                 0                0                 0                
1648314405        0                0                 0                0                 0                0                 0                0                 0                0                 0                0                 0                0                 0                
1648314415        0                0                 0                0                 0                0                 0                0                 0                0                 0                0                 0                0                 0                
1648314426        0                0                 0                0                 0                0                 0                0                 0                0                 0                0                 0                0                 0                
1648314436        0                0                 0                0                 0                0                 0                0                 0                0                 0                0                 0                0                 0                
1648314446        0                0                 0                0                 0                0                 0                0                 0                0                 0                0                 0                0                 0                
1648314456        0                0                 0                0                 0                0                 0                0                 0                0                 0                0                 0                0                 0                
1648314467        0                0                 0                0                 0                0                 0                0                 0                0                 0                0                 0                0                 0                
1648314477        0                0                 0                0                 0                0                 0                0                 0                0                 0                0                 0                0                 0                
1648314487        0                0                 0                0                 0                0                 0                0                 0                0                 0                0                 0                0                 0                
1648314499        0                0                 0                0                 0                0                 0                0                 0                0                 0                0                 0                0                 0                
1648314514        0                0                 0                0                 0                0                 0                0                 0                0                 0                0                 0                0                 0                
1648314532        0                0                 0                0                 0                0                 0                0                 0                0                 0                0                 0                0                 0                
1648314549        0                0                 0                0                 0                0                 0                0                 0                0                 0                0                 0                0                 0                
1648314566        0                0                 0                0                 0                0                 0                0                 0                0                 0                0                 0                0                 0                
1648314580        0                0                 0                0                 0                0                 0                0                 0                0                 0                0                 0                0                 0                
1648314593        0                0                 0                0                 0                0                 0                0                 0                0                 0                0                 0                0                 0                
1648314607        0                0                 0                0                 0                0                 0                0                 0                0                 0                0                 0                0                 0                
1648314622        0                0                 0                0                 0                0                 0                0                 0                0                 0                0                 0                0                 0                
1648314637        0                0                 0                0                 0                0                 0                0                 0                0                 0                0                 0                0                 0                
1648314652        0                0                 0                0                 0                0                 0                0                 0                0                 0                0                 0                0                 0                
1648314666        0                0                 0                0                 0                0                 0                0                 0                0                 0                0                 0                0                 0                
1648314681        0                0                 0                0                 0                0                 0                0                 0                0                 0                0                 0                0                 0                
1648314696        0                0                 0                0                 0                0                 0                0                 0                0                 0                0                 0                0                 0                
1648314711        0                0                 0                0                 0                0                 0                0                 0                0                 0                0                 0                0                 0                
1648314726        0                0                 0                0                 0                0                 0                0                 0                0                 0                0                 0                0                 0                
1648314741        0                0                 0                0                 0                0                 0                0                 0                0                 0                0                 0                0                 0                
1648314752        0                0                 0                0                 0                0                 0                0                 0                0                 0                0                 0                0                 0                
1648314762        0                0                 0                0                 0                0                 0                0                 0                0                 0                0                 0                0                 0                
1648314773        0                0                 0                0                 0                0                 0                0                 0                0                 0                0                 0                0                 0                
1648314783        0                0                 0                0                 0                0                 0                0                 0                0                 0                0                 0                0                 0                
1648314793        0                0                 0                0                 0                0                 0                0                 0                0                 0                0                 0                0                 0                
1648314804        0                0                 0                0                 0                0                 0                0                 0                0                 0                0                 0                0                 0                
1648314814        0                0                 0                0                 0                0                 0                0                 0                0                 0                0                 0                0                 0                
1648314824        0                0                 0                0                 0                0                 0                0                 0                0                 0                0                 0                0                 0                
1648314834        0                0                 0                0                 0                0                 0                0                 0                0                 0                0                 0                0                 0                
1648314845        0                0                 0                0                 0                0                 0                0                 0                0                 0                0                 0                0                 0                
1648314855        0                0                 0                0                 0                0                 0                0                 0                0                 0                0                 0                0                 0                
1648314865        0                0                 0                0                 0                0                 0                0                 0                0                 0                0                 0                0                 0                
1648314875        0                0                 0                0                 0                0                 0                0                 0                0                 0                0                 0                0                 0                
1648314886        0                0                 0                0                 0                0                 0                0                 0                0                 0                0                 0                0                 0                
1648314896        0                0                 0                0                 0                0                 0                0                 0                0                 0                0                 0                0                 0                
1648314906        0                0                 0                0                 0                0                 0                0                 0                0                 0                0                 0                0                 0                
1648314916        0                0                 0                0                 0                0                 0                0                 0                0                 0                0                 0                0                 0                
1648314926        0                0                 0                0                 0                0                 0                0                 0                0                 0                0                 0                0                 0                
1648314937        0                0                 0                0                 0                0                 0                0                 0                0                 0                0                 0                0                 0                
1648314947        0                0                 0                0                 0                0                 0                0                 0                0                 0                0                 0                0                 0                
1648314957        0                0                 0                0                 0                0                 0                0                 0                0                 0                0                 0                0                 0                
1648314967        0                0                 0                0                 0                0                 0                0                 0                0                 0                0                 0                0                 0                
1648314977        0                0                 0                0                 0                0                 0                0                 0                0                 0                0                 0                0                 0                
1648314988        0                0                 0                0                 0                0                 0                0                 0                0                 0                0                 0                0                 0                
1648314998        0                0                 0                0                 0                0                 0                0                 0                0                 0                0                 0                0                 0                
1648315008        0                0                 0                0                 0                0                 0                0                 0                0                 0                0                 0                0                 0                
1648315018        0                0                 0                0                 0                0                 0                0                 0                0                 0                0                 0                0                 0                
1648315028        0                0                 0                0                 0                0                 0                0                 0                0                 0                0                 0                0                 0                
1648315038        0                0                 0                0                 0                0                 0                0                 0                0                 0                0                 0                0                 0                
1648315048        0                0                 0                0                 0                0                 0                0                 0                0                 0                0                 0                0                 0                
1648315059        0                0                 0                0                 0                0                 0                0                 0                0                 0                0                 0                0                 0                
1648315069        0                0                 0                0                 0                0                 0                0                 0                0                 0                0                 0                0                 0                
1648315079        0                0                 0                0                 0                0                 0                0                 0                0                 0                0                 0                0                 0                
1648315089        0                0                 0                0                 0                0                 0                0                 0                0                 0                0                 0                0                 0                
1648315099        0                0                 0                0                 0                0                 0                0                 0                0                 0                0                 0                0                 0                
1648315109        0                0                 0                0                 0                0                 0                0                 0                0                 0                0                 0                0                 0                
1648315119        0                0                 0                0                 0                0                 0                0                 0                0                 0                0                 0                0                 0                
1648315130        0                0                 0                0                 0                0                 0                0                 0                0                 0                0                 0                0                 0                
1648315140        0                0                 0                0                 0                0                 0                0                 0                0                 0                0                 0                0                 0                
1648315150        0                0                 0                0                 0                0                 0                0                 0                0                 0                0                 0                0                 0                
1648315160        0                0                 0                0                 0                0                 0                0                 0                0                 0                0                 0                0                 0                
1648315170        0                0                 0                0                 0                0                 0                0                 0                0                 0                0                 0                0                 0                
