TIMESTAMP        home1-RQ         home1-RD         home1-WR         work2-RQ         work2-RD         work2-WR         scratch1-RQ      scratch1-RD      scratch1-WR      scratch2-RQ      scratch2-RD      scratch2-WR      scratch3-RQ      scratch3-RD      scratch3-WR      
1648314361        0                0                 0                0                 0                0                 0                0                 0                0                 0                0                 0                0                 0                
1648314371        0                0                 0                0                 0                0                 0                0                 0                0                 0                0                 0                0                 0                
1648314381        0                0                 0                0                 0                0                 0                0                 0                0                 0                0                 0                0                 0                
1648314391        0                0                 0                0                 0                0                 0                0                 0                0                 0                0                 0                0                 0                
1648314401        0                0                 0                0                 0                0                 0                0                 0                0                 0                0                 0                0                 0                
1648314411        0                0                 0                0                 0                0                 0                0                 0                0                 0                0                 0                0                 0                
1648314422        0                0                 0                0                 0                0                 0                0                 0                0                 0                0                 0                0                 0                
1648314432        0                0                 0                0                 0                0                 0                0                 0                0                 0                0                 0                0                 0                
1648314442        0                0                 0                0                 0                0                 0                0                 0                0                 0                0                 0                0                 0                
1648314452        0                0                 0                0                 0                0                 0                0                 0                0                 0                0                 0                0                 0                
1648314463        0                0                 0                0                 0                0                 0                0                 0                0                 0                0                 0                0                 0                
1648314473        0                0                 0                0                 0                0                 0                0                 0                0                 0                0                 0                0                 0                
1648314484        0                0                 0                0                 0                0                 0                0                 0                0                 0                0                 0                0                 0                
1648314497        0                0                 0                0                 0                0                 0                0                 0                0                 0                0                 0                0                 0                
1648314514        0                0                 0                0                 0                0                 0                0                 0                0                 0                0                 0                0                 0                
1648314532        0                0                 0                0                 0                0                 0                0                 0                0                 0                0                 0                0                 0                
1648314550        0                0                 0                0                 0                0                 0                0                 0                0                 0                0                 0                0                 0                
1648314568        0                0                 0                0                 0                0                 0                0                 0                0                 0                0                 0                0                 0                
1648314585        0                0                 0                0                 0                0                 0                0                 0                0                 0                0                 0                0                 0                
1648314599        0                0                 0                0                 0                0                 0                0                 0                0                 0                0                 0                0                 0                
1648314614        0                0                 0                0                 0                0                 0                0                 0                0                 0                0                 0                0                 0                
1648314629        0                0                 0                0                 0                0                 0                0                 0                0                 0                0                 0                0                 0                
1648314644        0                0                 0                0                 0                0                 0                0                 0                0                 0                0                 0                0                 0                
1648314659        0                0                 0                0                 0                0                 0                0                 0                0                 0                0                 0                0                 0                
1648314674        0                0                 0                0                 0                0                 0                0                 0                0                 0                0                 0                0                 0                
1648314688        0                0                 0                0                 0                0                 0                0                 0                0                 0                0                 0                0                 0                
1648314703        0                0                 0                0                 0                0                 0                0                 0                0                 0                0                 0                0                 0                
1648314718        0                0                 0                0                 0                0                 0                0                 0                0                 0                0                 0                0                 0                
1648314733        0                0                 0                0                 0                0                 0                0                 0                0                 0                0                 0                0                 0                
1648314748        0                0                 0                0                 0                0                 0                0                 0                0                 0                0                 0                0                 0                
1648314763        0                0                 0                0                 0                0                 0                0                 0                0                 0                0                 0                0                 0                
1648314774        0                0                 0                0                 0                0                 0                0                 0                0                 0                0                 0                0                 0                
1648314785        0                0                 0                0                 0                0                 0                0                 0                0                 0                0                 0                0                 0                
1648314795        0                0                 0                0                 0                0                 0                0                 0                0                 0                0                 0                0                 0                
1648314805        0                0                 0                0                 0                0                 0                0                 0                0                 0                0                 0                0                 0                
1648314815        0                0                 0                0                 0                0                 0                0                 0                0                 0                0                 0                0                 0                
1648314826        0                0                 0                0                 0                0                 0                0                 0                0                 0                0                 0                0                 0                
1648314836        0                0                 0                0                 0                0                 0                0                 0                0                 0                0                 0                0                 0                
1648314846        0                0                 0                0                 0                0                 0                0                 0                0                 0                0                 0                0                 0                
1648314856        0                0                 0                0                 0                0                 0                0                 0                0                 0                0                 0                0                 0                
1648314867        0                0                 0                0                 0                0                 0                0                 0                0                 0                0                 0                0                 0                
1648314877        0                0                 0                0                 0                0                 0                0                 0                0                 0                0                 0                0                 0                
1648314887        0                0                 0                0                 0                0                 0                0                 0                0                 0                0                 0                0                 0                
1648314897        0                0                 0                0                 0                0                 0                0                 0                0                 0                0                 0                0                 0                
1648314907        0                0                 0                0                 0                0                 0                0                 0                0                 0                0                 0                0                 0                
1648314918        0                0                 0                0                 0                0                 0                0                 0                0                 0                0                 0                0                 0                
1648314928        0                0                 0                0                 0                0                 0                0                 0                0                 0                0                 0                0                 0                
1648314938        0                0                 0                0                 0                0                 0                0                 0                0                 0                0                 0                0                 0                
1648314948        0                0                 0                0                 0                0                 0                0                 0                0                 0                0                 0                0                 0                
1648314958        0                0                 0                0                 0                0                 0                0                 0                0                 0                0                 0                0                 0                
1648314969        0                0                 0                0                 0                0                 0                0                 0                0                 0                0                 0                0                 0                
1648314979        0                0                 0                0                 0                0                 0                0                 0                0                 0                0                 0                0                 0                
1648314989        0                0                 0                0                 0                0                 0                0                 0                0                 0                0                 0                0                 0                
1648314999        0                0                 0                0                 0                0                 0                0                 0                0                 0                0                 0                0                 0                
1648315009        0                0                 0                0                 0                0                 0                0                 0                0                 0                0                 0                0                 0                
1648315019        0                0                 0                0                 0                0                 0                0                 0                0                 0                0                 0                0                 0                
1648315029        0                0                 0                0                 0                0                 0                0                 0                0                 0                0                 0                0                 0                
1648315040        0                0                 0                0                 0                0                 0                0                 0                0                 0                0                 0                0                 0                
1648315050        0                0                 0                0                 0                0                 0                0                 0                0                 0                0                 0                0                 0                
1648315060        0                0                 0                0                 0                0                 0                0                 0                0                 0                0                 0                0                 0                
1648315070        0                0                 0                0                 0                0                 0                0                 0                0                 0                0                 0                0                 0                
1648315080        0                0                 0                0                 0                0                 0                0                 0                0                 0                0                 0                0                 0                
1648315090        0                0                 0                0                 0                0                 0                0                 0                0                 0                0                 0                0                 0                
1648315101        0                0                 0                0                 0                0                 0                0                 0                0                 0                0                 0                0                 0                
1648315111        0                0                 0                0                 0                0                 0                0                 0                0                 0                0                 0                0                 0                
1648315121        0                0                 0                0                 0                0                 0                0                 0                0                 0                0                 0                0                 0                
1648315131        0                0                 0                0                 0                0                 0                0                 0                0                 0                0                 0                0                 0                
1648315141        0                0                 0                0                 0                0                 0                0                 0                0                 0                0                 0                0                 0                
