1
Watuga H
1  4  1   1   2
3   2
3   1
0.9	20000	5	10	0	188.7	5
0.2   0.3
20   30
15  66  0.9  0.2   0.3  100
0
0.01
2
Wilbur H
2  4  1   1   2
3   4
3   2
0.9	20000	5	10	0	184.2	5
0.2   0.3
20   30
15  11  0.9  0.2   0.3  100
0
0.01
3
SHolston H
3  4  1   1   2
3   4
3   3
0.9	20000	5	10	0	208.01999999999998	5
0.2   0.3
20   30
15  44  0.9  0.2   0.3  100
0
0.01
4
Boone H
4  4  1   1   2
3   5
3   4
0.9	20000	5	10	0	806.16	5
0.2   0.3
20   30
15  89  0.9  0.2   0.3  100
0
0.01
5
FtPatrick H
5  4  1   1   2
3   6
3   5
0.9	20000	5	10	0	592.14	5
0.2   0.3
20   30
15  41  0.9  0.2   0.3  100
0
0.01
6
Cherokee H
6  4  1   1   2
3   8
3   6
0.9	20000	5	10	0	1180.56	5
0.2   0.3
20   30
15  148  0.9  0.2   0.3  100
0
0.01
7
Douglas H
7  4  1   1   2
3   8
3   7
0.9	20000	5	10	0	1445.46	5
0.2   0.3
20   30
15  111  0.9  0.2   0.3  100
0
0.01
8
FtLoudoun H
8  4  1   1   2
5   1
3   8
0.9	20000	5	10	0	2142.0	5
0.2   0.3
20   30
15  164  0.9  0.2   0.3  100
0
0.01
9
Fontana H
9  4  1   1   2
5   1
3   9
0.9	20000	5	10	0	606.0	5
0.2   0.3
20   30
15  304  0.9  0.2   0.3  100
0
0.01
10
Norris H
10  4  1   1   2
3   11
3   10
0.9	20000	5	10	0	574.38	5
0.2   0.3
20   30
15  110  0.9  0.2   0.3  100
0
0.01
11
MeltonH H
11  4  1   1   2
5   1
3   11
0.9	20000	5	10	0	1520.76	5
0.2   0.3
20   30
15  79  0.9  0.2   0.3  100
0
0.01
12
WattsBar H
12  4  1   1   2
5   2
3   12
0.9	20000	5	10	0	2933.7599999999998	5
0.2   0.3
20   30
15  182  0.9  0.2   0.3  100
0
0.01
13
Chatuge H
13  4  1   1   2
3   15
3   13
0.9	20000	5	10	0	103.32	5
0.2   0.3
20   30
15  13  0.9  0.2   0.3  100
0
0.01
14
Nottely H
14  4  1   1   2
3   15
3   14
0.9	20000	5	10	0	118.19999999999999	5
0.2   0.3
20   30
15  18  0.9  0.2   0.3  100
0
0.01
15
Hiwassee H
15  4  1   1   2
3   16
3   15
0.9	20000	5	10	0	550.86	5
0.2   0.3
20   30
15  141  0.9  0.2   0.3  100
0
0.01
16
Apalachia H
16  4  1   1   2
5   2
3   16
0.9	20000	5	10	0	199.38	5
0.2   0.3
20   30
15  82  0.9  0.2   0.3  100
0
0.01
17
BlueRidge H
17  4  1   1   2
3   18
3   17
0.9	20000	5	10	0	134.7	5
0.2   0.3
20   30
15  13  0.9  0.2   0.3  100
0
0.01
18
Ocoee3 H
18  4  1   1   2
3   19
3   18
0.9  20000   5   10  0   277.1497931  5
0.2   0.3
20   30
15  29  0.9  0.2   0.3  100
0
0.01
19
Ocoee1 H
19  4  1   1   2
5   2
3   19
0.9  20000   5   10  0   307.6303448 5
0.2   0.3
20   30
15  24  0.9  0.2   0.3  100
0
0.01
20
Chikamauga H
20  4  1   1   2
5   3
3   20
0.9	20000	5	10	0	2902.38	5
0.2   0.3
20   30
15  119  0.9  0.2   0.3  100
0
0.01
21
RacoonMt H
21  4  1   1   2
5   3
3   21
0.9	20000	5	10	0	714.12	5
0.2   0.3
20   30
15  1653  0.9  0.2   0.3  100
0
0.01
22
Nikajack H
22  4  1   1   2
5   4
3   22
0.9	20000	5	10	0	2874.0	5
0.2   0.3
20   30
15  105  0.9  0.2   0.3  100
0
0.01
23
Guntersville H
23  4  1   1   2
3   25
3   23
0.9	20000	5	10	0	3265.44	5
0.2   0.3
20   30
15  124  0.9  0.2   0.3  100
0
0.01
24
TimsFord H
24  4  1   1   2
3   25
3   24
0.9	20000	5	10	0	366.41999999999996	5
0.2   0.3
20   30
15  36  0.9  0.2   0.3  100
0
0.01
25
Wheeler H
25  4  1   1   2
3   26
3   25
0.9	20000	5	10	0	7581.12	5
0.2   0.3
20   30
15  361  0.9  0.2   0.3  100
0
0.01
26
Wilson H
26  4  1   1   2
3   27
3   26
0.9	20000	5	10	0	6744.0	5
0.2   0.3
20   30
15  663  0.9  0.2   0.3  100
0
0.01
27
Pickwick H
27  4  1   1   2
3   28
3   27
0.9	20000	5	10	0	5429.58	5
0.2   0.3
20   30
15  229  0.9  0.2   0.3  100
0
0.01
28
Kentucky H
28  4  1   1   2
5   5
3   28
0.9	20000	5	10	0	4158.66	5
0.2   0.3
20   30
15  184  0.9  0.2   0.3  100
0
0.01
